5.000000000000000278e-02 6.214746577958443208e-01
5.100000000000000366e-02 6.186925062000584452e-01
5.200000000000000455e-02 6.225542592326640534e-01
5.300000000000000544e-02 6.240984271206210243e-01
5.400000000000000633e-02 6.255954506210966715e-01
5.500000000000000722e-02 6.272912662627817548e-01
5.600000000000000810e-02 6.278089955307688541e-01
5.700000000000000899e-02 6.254104798111301822e-01
5.800000000000000988e-02 6.278027633574970734e-01
5.900000000000001077e-02 6.279950512383793981e-01
6.000000000000001166e-02 6.287660563813155523e-01
6.100000000000001255e-02 6.272494323577806341e-01
6.200000000000001343e-02 6.261151493701441195e-01
6.300000000000001432e-02 6.275287690834079335e-01
6.400000000000001521e-02 6.281927945942602509e-01
6.500000000000001610e-02 6.248326576174016989e-01
6.600000000000001699e-02 6.288692942233961025e-01
6.700000000000001787e-02 6.343426582115734291e-01
6.800000000000001876e-02 6.351719600236162000e-01
6.900000000000001965e-02 6.355571356711907649e-01
7.000000000000002054e-02 6.372432113641434137e-01
7.100000000000002143e-02 6.322373109074319597e-01
7.200000000000002232e-02 6.354278631508476494e-01
7.300000000000002320e-02 6.343313171394153738e-01
7.400000000000002409e-02 6.345954731861467302e-01
7.500000000000002498e-02 6.376791472992175969e-01
7.600000000000002587e-02 6.378640950551148769e-01
7.700000000000002676e-02 6.333723862836823093e-01
7.800000000000002764e-02 6.360051860144005920e-01
7.900000000000002853e-02 6.320201645022758274e-01
8.000000000000002942e-02 6.382679626603728895e-01
8.100000000000003031e-02 6.383292268505149636e-01
8.200000000000003120e-02 6.370660799158128773e-01
8.300000000000003209e-02 6.364567398659144448e-01
8.400000000000003297e-02 6.406808232149210358e-01
8.500000000000003386e-02 6.400159682972266229e-01
8.600000000000003475e-02 6.416169219932434942e-01
8.700000000000003564e-02 6.379379730259533421e-01
8.800000000000003653e-02 6.432183634648668269e-01
8.900000000000003741e-02 6.378255992525213580e-01
9.000000000000003830e-02 6.392721498291376037e-01
9.100000000000003919e-02 6.424034210384009791e-01
9.200000000000004008e-02 6.452155559175073440e-01
9.300000000000004097e-02 6.435004789691262106e-01
9.400000000000004186e-02 6.475440254056066269e-01
9.500000000000004274e-02 6.531426366654513593e-01
9.600000000000004363e-02 6.504678322500343501e-01
9.700000000000004452e-02 6.484153248793250723e-01
9.800000000000004541e-02 6.435852957612433478e-01
9.900000000000004630e-02 6.451022195429805262e-01
