5.000000000000000278e-02 6.516261160270534480e-01
5.100000000000000366e-02 6.550355754927007501e-01
5.200000000000000455e-02 6.545175226498948229e-01
5.300000000000000544e-02 6.568954859199009899e-01
5.400000000000000633e-02 6.525842153297394255e-01
5.500000000000000722e-02 6.545668273900714373e-01
5.600000000000000810e-02 6.557333262992797174e-01
5.700000000000000899e-02 6.544054394891062332e-01
5.800000000000000988e-02 6.530369772957336227e-01
5.900000000000001077e-02 6.565179276505068717e-01
6.000000000000001166e-02 6.572448773152340662e-01
6.100000000000001255e-02 6.540781641285596804e-01
6.200000000000001343e-02 6.569966002973652852e-01
6.300000000000001432e-02 6.613736286024627375e-01
6.400000000000001521e-02 6.543205374457093937e-01
6.500000000000001610e-02 6.579553200838522686e-01
6.600000000000001699e-02 6.552410684653651174e-01
6.700000000000001787e-02 6.573226047121795146e-01
6.800000000000001876e-02 6.556023005962986483e-01
6.900000000000001965e-02 6.607932242434204628e-01
7.000000000000002054e-02 6.609760915792063374e-01
7.100000000000002143e-02 6.574505566566037906e-01
7.200000000000002232e-02 6.637523194521516290e-01
7.300000000000002320e-02 6.548094400467630027e-01
7.400000000000002409e-02 6.629236995174021541e-01
7.500000000000002498e-02 6.587599900438166900e-01
7.600000000000002587e-02 6.514759982586163511e-01
7.700000000000002676e-02 6.538555517464852418e-01
7.800000000000002764e-02 6.544806972068913931e-01
7.900000000000002853e-02 6.593034972462161747e-01
8.000000000000002942e-02 6.549931776208599565e-01
8.100000000000003031e-02 6.541547033753790652e-01
8.200000000000003120e-02 6.555447004259921107e-01
8.300000000000003209e-02 6.559782708855578237e-01
8.400000000000003297e-02 6.573270265596190542e-01
8.500000000000003386e-02 6.545257177405856552e-01
8.600000000000003475e-02 6.528617909203188185e-01
8.700000000000003564e-02 6.539683688738626710e-01
8.800000000000003653e-02 6.571285595459731566e-01
8.900000000000003741e-02 6.618656852065709639e-01
9.000000000000003830e-02 6.620782251472012714e-01
9.100000000000003919e-02 6.580537718583646667e-01
9.200000000000004008e-02 6.612025595236568076e-01
9.300000000000004097e-02 6.526422060543665138e-01
9.400000000000004186e-02 6.669141025871189177e-01
9.500000000000004274e-02 6.685528827848024047e-01
9.600000000000004363e-02 6.640382859267124349e-01
9.700000000000004452e-02 6.622496363674119646e-01
9.800000000000004541e-02 6.595487826233376039e-01
9.900000000000004630e-02 6.610522190891641170e-01
