5.000000000000000278e-02 6.652294249972350304e-01
5.100000000000000366e-02 6.626666709365045538e-01
5.200000000000000455e-02 6.563283687154000123e-01
5.300000000000000544e-02 6.580298925507636065e-01
5.400000000000000633e-02 6.616480461817564329e-01
5.500000000000000722e-02 6.622244881648959858e-01
5.600000000000000810e-02 6.628377165437674412e-01
5.700000000000000899e-02 6.569849893155322862e-01
5.800000000000000988e-02 6.618104521917399508e-01
5.900000000000001077e-02 6.600230098607324791e-01
6.000000000000001166e-02 6.624217240512079163e-01
6.100000000000001255e-02 6.667218936676089225e-01
6.200000000000001343e-02 6.649714539068032337e-01
6.300000000000001432e-02 6.674468179118829836e-01
6.400000000000001521e-02 6.576300734469868736e-01
6.500000000000001610e-02 6.618932066244773704e-01
6.600000000000001699e-02 6.611611749460083454e-01
6.700000000000001787e-02 6.654404368414382764e-01
6.800000000000001876e-02 6.588554214094678452e-01
6.900000000000001965e-02 6.561764925387594261e-01
7.000000000000002054e-02 6.654105478536983531e-01
7.100000000000002143e-02 6.621892628209512521e-01
7.200000000000002232e-02 6.729152923241371598e-01
7.300000000000002320e-02 6.604512705173801734e-01
7.400000000000002409e-02 6.717793449732311073e-01
7.500000000000002498e-02 6.655573886413067575e-01
7.600000000000002587e-02 6.694706086544328638e-01
7.700000000000002676e-02 6.655062647938113640e-01
7.800000000000002764e-02 6.672197735123086559e-01
7.900000000000002853e-02 6.658273647390163807e-01
8.000000000000002942e-02 6.616377595526647948e-01
8.100000000000003031e-02 6.610384851285509011e-01
8.200000000000003120e-02 6.651432625313312696e-01
8.300000000000003209e-02 6.681048517807479659e-01
8.400000000000003297e-02 6.673535873165337140e-01
8.500000000000003386e-02 6.558155025504672775e-01
8.600000000000003475e-02 6.580912288353812922e-01
8.700000000000003564e-02 6.583017847339062145e-01
8.800000000000003653e-02 6.647470608158032590e-01
8.900000000000003741e-02 6.670590507895380883e-01
9.000000000000003830e-02 6.617621199260268483e-01
9.100000000000003919e-02 6.654043612134562524e-01
9.200000000000004008e-02 6.671803255760538898e-01
9.300000000000004097e-02 6.535239405476143126e-01
9.400000000000004186e-02 6.719498835373836076e-01
9.500000000000004274e-02 6.680219420114765772e-01
9.600000000000004363e-02 6.676997998625259223e-01
9.700000000000004452e-02 6.620553889404255932e-01
9.800000000000004541e-02 6.590475046403153625e-01
9.900000000000004630e-02 6.550883121493231709e-01
