5.000000000000000278e-02 6.648144733676858431e-01
5.100000000000000366e-02 6.642050268061862051e-01
5.200000000000000455e-02 6.618064736323939767e-01
5.300000000000000544e-02 6.625716141328131803e-01
5.400000000000000633e-02 6.578431596178702101e-01
5.500000000000000722e-02 6.623637045550732072e-01
5.600000000000000810e-02 6.636720658480445012e-01
5.700000000000000899e-02 6.620917856906598509e-01
5.800000000000000988e-02 6.591917331052375983e-01
5.900000000000001077e-02 6.653110371156102376e-01
6.000000000000001166e-02 6.647358136202485834e-01
6.100000000000001255e-02 6.669103201891394272e-01
6.200000000000001343e-02 6.619105891002780018e-01
6.300000000000001432e-02 6.634956019825709594e-01
6.400000000000001521e-02 6.643711288431219941e-01
6.500000000000001610e-02 6.674611681290210097e-01
6.600000000000001699e-02 6.610442255744222173e-01
6.700000000000001787e-02 6.578512060353389757e-01
6.800000000000001876e-02 6.622460121804134570e-01
6.900000000000001965e-02 6.599390141024752410e-01
7.000000000000002054e-02 6.650322007977215177e-01
7.100000000000002143e-02 6.631355023503331392e-01
7.200000000000002232e-02 6.713760291053905149e-01
7.300000000000002320e-02 6.573483032141890225e-01
7.400000000000002409e-02 6.672159066600327204e-01
7.500000000000002498e-02 6.589415407066432362e-01
7.600000000000002587e-02 6.659464606345815163e-01
7.700000000000002676e-02 6.611214816712962516e-01
7.800000000000002764e-02 6.693400824392932158e-01
7.900000000000002853e-02 6.613984921812170459e-01
8.000000000000002942e-02 6.600554980298573016e-01
8.100000000000003031e-02 6.625511086912533321e-01
8.200000000000003120e-02 6.575627867413850192e-01
8.300000000000003209e-02 6.665595168281451821e-01
8.400000000000003297e-02 6.610716284754298844e-01
8.500000000000003386e-02 6.519673819765358092e-01
8.600000000000003475e-02 6.583799289743794692e-01
8.700000000000003564e-02 6.638679244737994978e-01
8.800000000000003653e-02 6.702770720842764485e-01
8.900000000000003741e-02 6.567370842770414718e-01
9.000000000000003830e-02 6.560982063063991454e-01
9.100000000000003919e-02 6.663689445400851064e-01
9.200000000000004008e-02 6.596652064455508224e-01
9.300000000000004097e-02 6.512754198750273504e-01
9.400000000000004186e-02 6.653809637041311342e-01
9.500000000000004274e-02 6.700153031218415434e-01
9.600000000000004363e-02 6.605119901110404479e-01
9.700000000000004452e-02 6.591967641466575101e-01
9.800000000000004541e-02 6.583245344601920124e-01
9.900000000000004630e-02 6.610521407126379589e-01
