0.0792922071246 9 506 8.249080492 286 0.741925183491
0.0674124790512 8 766 6.32268551478 402 0.736744816176
0.0739761914702 8 226 7.37752653633 455 0.751102359001
0.0702863671918 7 916 5.91802433616 159 0.721780987111
0.0663310631201 8 368 3.14087249358 260 0.746556312736
0.0991776532654 6 340 2.63409602898 464 0.74192335016
0.0966314573455 5 442 9.73559793513 317 0.752910744104
0.0829735764582 5 975 6.5775404646 501 0.722564438638
0.0814816280307 8 231 2.50621402716 308 0.733791803701
0.0613802057421 9 203 2.44147530696 284 0.763279019665
0.0974276646862 8 563 1.03239956291 425 0.720374059982
0.0845685562417 5 431 3.64032184686 192 0.74189399821
0.0852385218194 6 706 9.51447665908 485 0.730200360625
0.0769191684441 8 309 2.87369046356 223 0.750292263957
0.0981394394186 9 604 3.87029668856 508 0.737436373771
0.0694053337425 6 633 8.49815097023 508 0.744641349901
0.0756833128343 8 293 0.632987020736 433 0.752190158613
0.0910083259207 9 758 8.90201522201 288 0.712495910224
0.0836477481982 7 585 9.41625145638 537 0.743767965806
0.0812360679752 7 367 8.69249853834 213 0.756599123169
0.0757995883357 8 781 7.37886926755 251 0.733076776656
0.0983422658723 8 376 2.06240633658 395 0.733178331734
0.0746492618681 9 711 1.55318187689 202 0.734002053196
0.0944226852224 8 935 0.712338777093 403 0.709702839183
0.0864626871623 8 938 1.39343128069 456 0.716862101213
0.0847339611997 5 690 9.54166207279 448 0.729108118035
0.0804074685684 8 474 5.87197624193 173 0.727516101806
0.0613586510298 5 364 7.30015744721 238 0.75470343224
0.0822957506007 5 318 2.40338986567 381 0.739276648766
0.0752658234977 7 879 7.11383688035 162 0.724205496449
0.0998436676985 6 361 7.84142708725 461 0.737738937216
0.0935050602579 6 556 3.75163775089 428 0.733590684471
0.0638681341361 6 438 1.73332325291 197 0.750826110062
0.0772421943536 5 552 9.51762972392 458 0.727256971061
0.0773160200642 6 955 8.61402883269 265 0.736367381042
0.0758948298276 6 733 2.66045247958 529 0.735926178871
0.0952964051208 9 760 1.52842017522 351 0.704750554036
0.0981456494999 6 730 0.517062792521 383 0.72335983713
0.0862868931944 6 1026 6.70035522692 268 0.717717200398
0.0758744376814 8 1047 6.93592279515 152 0.700245543342
0.0612719174715 8 1094 0.507604560383 284 0.730015870378
0.065508809564 5 889 7.33736442645 491 0.739519992585
0.0608306867923 7 449 8.68045450677 350 0.75998394234
0.0690419277317 5 427 5.97647177564 503 0.749785243229
0.0928032372356 9 237 0.78014286846 397 0.741476177992
0.0923887725817 9 1100 1.62966551019 382 0.70149373787
0.0772263732773 6 225 7.90022566863 175 0.741821096806
0.0884240293094 7 680 1.23075263986 160 0.720311949361
0.0975538809742 5 365 7.96671138147 390 0.743621302704
0.0965529467389 9 920 7.94414619084 541 0.700022475103
0.0739154694552 6 931 8.26787644405 550 0.751714585077
0.0767760659403 7 856 0.940640291454 504 0.733327653677
0.0886178469818 7 939 5.95386773681 212 0.71131692068
0.0699495010898 9 219 8.29103196772 401 0.760801903282
0.0897166051259 6 822 4.65816005838 246 0.724859650795
0.099004409493 8 945 9.34591123789 211 0.69831576604
0.0963932919154 6 817 5.50034826947 538 0.723508712306
0.0816815053768 7 983 4.74656265035 213 0.704140041427
0.0788496694243 6 920 8.69392680284 508 0.731993683843
0.0722496693411 9 1064 1.98244091493 218 0.71269679844
0.074289282818 9 760 4.66807490067 156 0.719494132454
0.0814477814502 8 951 8.0542807798 305 0.721843641987
0.0951023549081 7 200 8.87965899097 325 0.753119874736
0.068932057023 6 276 4.23031033519 167 0.759064224033
0.0964251616218 9 831 0.808008149192 401 0.708100782742
0.0675663718875 8 745 5.04820053928 442 0.741331700496
0.0846375639017 9 854 2.87616224802 441 0.720511070379
0.0717284886967 5 849 3.90173875799 506 0.731839231078
0.0634294232028 6 478 6.62720418286 361 0.757886989076
0.0879914185294 5 323 3.39392417553 532 0.751468221969
0.0895047746849 9 477 4.83548729129 305 0.735782821382
0.0743739282516 9 936 4.260651632 509 0.725519865688
0.0826695566847 7 366 0.782269066897 451 0.746892595909
0.0718634906844 6 533 6.54630917611 535 0.742343746091
0.0887491139511 5 245 2.93905174401 404 0.751384670443
0.0752695630562 5 688 9.48380784432 284 0.746975232108
0.076553962488 7 738 0.620510097004 445 0.733298785127
0.0849641682954 7 1019 4.75139017804 497 0.718885821907
0.0851337730068 9 622 6.63576928301 340 0.721671733773
0.0851516601126 9 611 9.68356247042 337 0.708477725892
0.0732727632212 9 491 8.80250986711 379 0.746153825667
0.0743200938307 8 688 6.33024442696 328 0.74446900989
0.061663820647 5 848 5.79370347704 500 0.752311925191
0.0627150223217 9 373 3.79556858057 520 0.750160657514
0.0668492146768 6 353 5.50857125769 392 0.75045320312
0.0962246851537 5 539 5.99455442093 183 0.734333579581
0.0939892340808 5 928 1.64745583735 246 0.736404639041
0.0807895177378 5 420 8.18621541095 496 0.759318193522
0.0978075868356 9 762 8.8885892845 502 0.710029575642
0.0648296938965 5 276 1.95864379947 346 0.750405707898
0.0675199036119 9 279 4.42528919387 545 0.760833248201
0.0903345634828 5 397 3.02048271911 415 0.733182676703
0.0741903064801 5 207 5.85736357362 385 0.748457315951
0.099763548827 8 646 9.12985495839 372 0.72907858069
0.0700398023286 8 252 6.51186398299 292 0.751649294002
0.0962818073951 7 521 5.09981624251 313 0.732877676966
0.0957696460223 8 499 9.8649683679 155 0.723772666206
0.0870184756018 5 1025 8.81521779795 301 0.723856920251
0.0757105235792 5 1026 4.76760173007 548 0.742311723194
0.0746897125082 6 333 4.83026864153 292 0.746197872444
0.0813944062634 9 381 9.3987260542 480 0.744218014714
0.0819830792225 9 977 6.00189319981 463 0.726521412304
0.0698230164522 7 362 7.36242172216 475 0.744183927188
0.0609581544853 9 461 5.73696250655 520 0.744535101629
0.0633528361871 7 979 4.4674544592 282 0.740350371671
0.0669459919638 5 354 8.73587408749 541 0.757365058778
0.0814690282808 5 663 6.87496233827 229 0.736422658293
0.0656637103282 9 367 3.6330748253 155 0.753597471363
0.0743805126899 6 253 7.15085912567 234 0.739560216706
0.0711593872232 9 710 6.74324923293 474 0.738508229934
0.0682608882391 8 998 6.32037657053 195 0.718891249277
0.0690989885694 7 237 0.670632596814 321 0.75091714871
0.0615842283849 6 974 1.29592733466 542 0.744844417264
0.0816143496397 7 453 3.4206297827 399 0.745748224623
0.0916879292614 7 240 8.92696167581 389 0.745318067701
0.0952198537584 7 562 1.38771772177 550 0.720577331324
0.0627012624584 9 937 7.06902620433 297 0.737407442878
0.0870774940723 9 780 3.9695875938 369 0.714210801821
0.0879264099503 5 630 8.85802877234 324 0.74132988406
0.0970241899421 5 967 0.95772157304 464 0.731296911005
0.0854680727814 8 436 8.37380653101 505 0.733615628291
0.0877340065221 8 880 1.08869608751 342 0.719993971979
0.0918069487335 8 244 4.32965919983 498 0.744595245634
0.0865873767559 8 602 2.13405442877 166 0.73483248573
0.0933276757024 7 1061 0.740567949148 202 0.709786956643
0.0820577416454 5 715 2.01402005286 390 0.746216216492
0.0884580063286 8 968 1.60043516466 293 0.719690507796
0.0925827466738 5 728 3.69719115003 346 0.729565639733
0.0815304392654 8 729 5.70718179316 390 0.735366152664
0.0928908756221 8 317 5.69508727066 276 0.733659164655
0.0947585713393 6 553 3.80308393562 464 0.736383329903
0.0887152685248 5 530 1.4107996542 514 0.737395004664
0.0642894671765 6 454 3.87723028485 163 0.751911042948
0.0873056547908 8 439 9.33123726319 536 0.756858482858
0.0699369593198 6 698 4.0318548375 512 0.747065599915
0.0834317262288 8 235 8.95085219448 547 0.753996749123
0.0624671325773 5 789 7.49478709682 453 0.743605219166
0.0860407591782 6 379 6.1320694787 539 0.743199563039
0.0864203311839 9 356 7.63395529477 173 0.735805089351
0.074384997588 5 552 6.61161703735 331 0.746501569363
0.0996292656597 6 880 3.78745895216 353 0.726354850492
0.0853361450423 8 434 7.30690689216 548 0.743783399636
0.0860253907561 6 308 5.43892623163 485 0.755565012997
0.0917856676139 6 741 2.93187691465 359 0.734116733376
0.0812933057651 7 209 4.98090224042 330 0.750090785727
0.0819009012795 6 426 1.32512243011 285 0.75452130778
0.0728287984474 6 509 9.25316611631 368 0.742561473048
0.0955704468772 6 274 9.78984463329 334 0.74850991491
0.0666292198366 5 354 8.23051703682 514 0.760224531215
0.0775208838679 7 267 3.13397696881 550 0.762878333343
0.0957114907828 5 1033 7.96950506689 308 0.733777273558
0.0773695393533 9 941 5.92531433643 369 0.720624743665
0.0706242495791 8 750 1.95697707825 517 0.733406626683
0.0750787684374 8 797 9.46606173664 271 0.729836717494
0.0753853065156 7 563 1.68497789978 377 0.753015947419
0.0731380621789 8 687 1.49940533 222 0.738256907709
0.0662879322418 8 1030 5.42879490412 153 0.726801592698
0.0938952636646 9 390 4.89861032817 189 0.735574900605
0.0676725518444 8 402 0.80556783172 310 0.753458479741
0.0762948003268 6 561 6.31448696652 151 0.730832118515
0.0696477497315 9 411 3.09229445832 245 0.75550283846
0.0894383586641 5 629 4.64627861129 538 0.738642301492
0.0775356056053 5 648 4.44298618082 495 0.743757092203
0.0867627283914 5 657 4.61778385767 446 0.733946274833
0.0719363899533 5 207 9.89775031939 213 0.745923006346
0.0956422988548 7 1066 2.0560308102 193 0.721873957776
0.061021991116 7 409 5.91995069581 411 0.751322034066
0.0636239802433 9 401 8.95920626402 185 0.75469154911
0.0868454675837 6 612 8.09301457283 429 0.728773771492
0.0842101476114 9 638 8.0597170303 245 0.728619361165
0.0956377357668 9 1084 3.16662864381 325 0.696857798525
0.0970918282764 7 658 5.50065860859 159 0.732084420679
0.0950204548781 9 313 2.377808274 380 0.737934161267
0.0995413313702 7 424 7.85549767301 296 0.725920977565
0.0632731885229 6 836 9.1172057991 262 0.738760257995
0.0784177298512 7 478 5.19060696502 312 0.740844452203
0.0871858941144 7 877 1.65316933636 151 0.726954837076
0.068859940719 6 966 4.61052276308 370 0.741060382539
0.0969276072268 8 604 5.32757745429 508 0.734874952484
0.0817946414792 7 263 2.01860166178 194 0.758389073105
0.0888970759087 8 571 5.20380841527 531 0.731737729847
0.0797657662273 7 203 1.25010684554 487 0.755776116961
0.065413758295 5 391 4.87534007425 207 0.747793649218
0.0846555721505 8 811 2.56903257783 534 0.715185101877
0.0785622286251 6 781 1.13417714546 379 0.729526353733
0.0771515679754 5 499 8.91687529323 473 0.734125622151
0.0749570666182 5 1063 3.639724921 541 0.7281310098
0.0813035154699 9 433 2.70630907173 512 0.749046575383
0.0691665746438 5 833 1.35306034479 542 0.743004248816
0.0642899084915 8 269 4.31195530281 407 0.760540267992
0.0834412368453 8 225 8.30982901615 356 0.754741191586
0.0606359426105 9 523 3.09129035492 413 0.737280977547
0.0793351454031 9 805 8.24284559394 479 0.734212399498
0.0638779296882 6 854 2.71629990871 156 0.744341656137
0.0763355560293 5 835 5.93319250328 245 0.742504661023
0.0738197120471 5 980 1.22020608275 437 0.737180063978
0.0724992591889 9 566 5.37800876161 180 0.728140719201
0.0933611751565 7 482 8.23350988048 498 0.726990864347
0.071609183491 6 1018 6.63252606457 357 0.725552008795
0.080503681871 5 741 9.48354076732 194 0.746067290633
0.0674285665758 8 892 7.38387796638 438 0.734754513669
0.067872186535 7 790 7.17009608821 472 0.745133368442
0.0630714514296 7 275 6.75464921585 398 0.752680134043
0.0950750217033 8 583 1.3664491538 292 0.715555811816
0.0753690800774 9 873 6.29084172672 204 0.730066062762
0.069213460859 7 447 4.3821554573 245 0.749996059509
0.0777420485821 8 720 4.79895641673 201 0.728514482708
0.070736598428 7 1078 8.0130875385 404 0.724131258856
0.0801682961439 5 647 3.45410689694 313 0.7324961643
0.0669387400515 6 206 6.7751388839 378 0.756937953088
0.0704310768685 8 363 5.64953966215 343 0.755776554163
0.069739522786 6 730 7.19325161844 299 0.73310525031
0.0898195226363 7 810 7.51107482105 465 0.71987285615
0.0871938733604 8 398 6.49619207986 448 0.733469860711
0.0968062097453 7 632 7.91239667329 337 0.723094938623
0.0608996675293 5 480 8.64526486981 476 0.759314734177
0.0794075286571 6 952 2.37789199511 236 0.73046324246
0.0745793422603 9 528 7.51939520855 186 0.740176270496
0.0864838977741 7 622 9.39024838514 435 0.737788595676
0.0671679027679 8 1007 5.78045211958 291 0.730918273374
0.0966057618483 9 695 3.60993527567 432 0.709084792945
0.0844154234255 5 1012 3.9937564671 329 0.738318291236
0.0969332894854 5 714 9.38891187444 415 0.732903970099
0.0660101061093 5 838 5.90497366317 400 0.736190435969
0.0649026989005 9 1084 5.43365732807 419 0.728942089884
0.0866266338656 7 1041 5.39488218076 334 0.716237933545
0.0658005412334 6 700 4.16225970022 346 0.738207718119
0.0973664728445 9 966 5.93033405246 208 0.699216690219
0.0863525273033 5 338 6.46957325963 310 0.748490521665
0.0951031669929 9 546 9.16703913715 276 0.733095509154
0.0863080770521 6 842 9.16939354991 360 0.730608387163
0.0693738312889 8 921 3.0234151156 531 0.734043887192
0.0934828044717 9 237 6.19213143145 295 0.738552181601
0.083823295154 7 976 0.788320272404 523 0.722007979797
0.0652154418546 7 398 8.10302435741 380 0.759813745983
0.0924925787694 5 296 7.69166647101 421 0.740228037402
0.0753232315037 7 1056 0.864525900424 272 0.719336364856
0.0891447878282 6 817 6.64408102073 181 0.726495962197
0.0600698806549 6 775 5.53516910684 447 0.750093549055
0.0974495406101 6 1066 4.77324202581 167 0.697918193259
0.0778760792694 5 420 6.94657334243 375 0.74950715219
0.0665203628166 5 229 2.05037285618 429 0.746687137931
0.0644149441313 6 960 3.93356849487 436 0.744234214463
0.0978206960208 8 873 8.54048475065 266 0.696195022659
0.0623020462352 8 346 4.23310578738 359 0.754605217548
0.0738960060854 5 844 7.26158783857 374 0.736801741026
0.0830891677363 5 904 8.67674672066 477 0.730647549483
0.0978687288179 7 1062 8.42589534598 169 0.705306990279
0.0927922001776 8 395 4.98664329505 320 0.73114435247
0.0786641652475 9 477 2.7372185239 200 0.738550530526
0.0816378666227 9 276 5.90071664991 312 0.747465803595
0.0675324101227 7 568 9.7926604592 524 0.746046593473
0.0958831193493 8 567 3.60313134063 315 0.718020542425
0.0997993997103 8 690 3.50613197916 369 0.719589652248
0.0922889349404 5 977 4.07375344421 347 0.726463455152
0.0912402705165 5 840 4.57035610791 166 0.723519870267
0.0920504333371 7 204 6.00286201549 454 0.747426661125
0.0923604524298 8 839 1.53377749667 327 0.732559013082
0.0941497948466 5 994 1.98870851138 212 0.702986981889
0.0999613433874 9 822 9.85401544882 431 0.704293821743
0.0933939714632 6 1014 9.23205609392 287 0.717558159603
0.0668542729953 9 975 6.7290110023 342 0.736875678972
0.0726340518319 7 284 9.94781838964 190 0.745896704759
0.0861621462661 6 372 9.41274833082 290 0.738167056105
0.0737667571178 7 797 6.38123463181 157 0.729342283804
0.0804478722221 8 372 0.693875013093 300 0.749030546056
0.0966471830374 6 622 3.3895295641 448 0.726096544566
0.0917018626711 6 710 1.38961295433 419 0.728825243979
0.091702999357 5 639 7.60886750928 489 0.721585113522
0.0612567814481 8 605 2.54277068925 179 0.744297751056
0.0908542118643 9 1030 8.70487258074 478 0.701701592249
0.0843961892489 5 841 4.73760618582 227 0.724024059695
0.0860892331563 9 860 6.05226339792 366 0.727762133512
0.0935645376154 5 611 4.7950735324 341 0.74334142334
0.0696815891069 9 957 8.02949093419 432 0.730562865231
0.0943439642612 6 540 1.47927849178 164 0.71336432946
0.0853520083709 6 549 6.05238823577 537 0.749489797428
0.0859484822063 6 561 2.83674295051 417 0.73489202965
0.094641005861 9 707 3.35796585933 278 0.713711037137
0.0989329104642 5 212 4.44664624654 547 0.743776020305
0.0646139028036 6 348 2.20196377356 195 0.757152637099
0.0709119614616 5 982 1.64520987881 512 0.73625973253
0.0683462669944 7 1080 3.79623661441 289 0.728679636502
0.0633809723503 8 467 4.25320835821 231 0.745886016208
0.085203450657 8 731 7.3009031584 480 0.724221751973
0.0864600175498 7 392 5.58724429052 248 0.747376604647
0.0633184817895 8 638 7.63139989128 376 0.740715217001
0.0748396540541 5 303 3.83150023098 345 0.753446818731
0.0730179422047 8 512 1.63741065172 183 0.731310481765
0.0954183947035 5 690 8.1421715019 542 0.725152535037
0.089553216328 6 484 4.37716883797 385 0.737326467004
0.0755671955559 5 346 9.65819884127 256 0.742114067637
0.0941152324784 7 648 3.07281587386 358 0.726148842547
0.0906892110861 9 805 6.74183771898 535 0.720138983046
0.0737099589464 9 462 4.78263884358 334 0.746780098721
0.0786058505701 9 1065 6.98472704648 187 0.717807524096
0.0827770193582 6 1070 7.63421806163 371 0.716419492325
0.0823109602404 7 894 8.71388473217 460 0.714824084587
0.0630011680636 8 232 5.01280647411 185 0.759160471876
0.0835233748985 7 596 5.17993084162 311 0.735202398601
0.0885350338657 8 966 7.15742307825 278 0.715027295597
0.0825353949243 6 770 8.3042001083 235 0.735714779351
0.0739173398198 7 1041 4.65321167894 197 0.727435712952
0.085438851752 6 962 5.18221260622 500 0.726460917766
0.0627833694563 8 456 8.09456472215 525 0.752904794252
0.0907761908701 5 1022 5.72283585541 507 0.717946521826
0.0895545235753 8 556 1.49506064729 295 0.728069732707
0.0892943502373 8 683 6.81547024009 290 0.722099159111
0.0651321555459 5 1002 4.48943398169 192 0.744266248841
0.07477763685 5 579 6.14033017465 347 0.742659980382
0.0714379561804 5 831 1.05923736792 340 0.740086938199
0.0984720297595 9 580 4.67599760407 512 0.729386429006
0.0896063649262 8 1073 9.29682463771 544 0.699097003756
0.0685309736092 7 790 6.15940778939 339 0.740178871274
0.0965628339426 6 231 9.71555961548 176 0.748096047517
0.0608156113095 5 842 0.602322872312 494 0.749562999245
0.0676357626213 9 948 4.41842088495 545 0.735782691207
0.09260066414 5 384 6.27222139811 226 0.739179104593
0.0880201675216 7 558 3.25292375553 385 0.732213415245
0.0970285406122 7 993 8.16999503579 461 0.70222687136
0.0807941186376 6 860 8.82973382792 440 0.7278861598
0.0826788274908 6 765 5.83666106056 196 0.740222476186
0.0963733761745 8 362 7.92562736334 430 0.747465755497
0.0703901826014 9 339 5.44832215692 485 0.767384127178
0.0856569736403 8 218 2.67414602187 176 0.745391564219
0.0673402104434 9 718 8.69481993996 498 0.738985866099
0.0691521354545 5 531 2.76170447587 193 0.745075595972
0.0735825896816 6 450 4.03033318468 491 0.745390589564
0.082973479827 8 889 5.91082697992 495 0.724158943194
0.0615531089101 8 905 3.5632428042 471 0.738753631225
0.094747558264 8 766 3.25745833347 238 0.715288646925
0.0785638478013 6 469 1.44284106682 272 0.739559538004
0.0794497654952 8 756 2.56200560349 439 0.72141427593
0.0621871270385 8 506 8.87906835195 213 0.74643326615
0.088766867549 6 543 9.25490362859 521 0.725336899377
0.0989914324986 6 1019 5.18329151361 543 0.709865396556
0.0721583802988 8 237 2.75017199415 540 0.740434293238
0.0871437583947 8 718 2.64898422744 378 0.731585768074
0.0757188853045 9 808 6.52318193267 464 0.71922855241
0.0973299461796 6 586 3.92181683755 164 0.728388461479
0.0790554889873 8 236 4.60023895755 452 0.754224167192
0.0640539668087 8 206 1.79330780605 330 0.756921284686
0.0828721178529 5 996 0.570642318837 529 0.725280942859
0.0851499188666 6 931 6.06557914567 423 0.728388206888
0.0717074875397 8 996 4.88169398102 503 0.755096314089
0.0618568892133 7 572 7.31005757995 319 0.755920669616
0.0918466596179 6 1086 4.63251078815 204 0.717595936422
0.0902203362023 8 784 7.59479892711 381 0.708734639185
0.0815550055635 9 504 4.40891548253 424 0.734766218776
0.0705652512589 8 848 1.55485741893 512 0.733566462367
0.0839428882789 8 843 3.7758449153 492 0.711012697141
0.0992496973028 5 694 3.57480235263 311 0.724703620402
0.0772457824008 8 873 2.51503710895 303 0.719072752115
0.0857912175943 6 927 7.20139063491 343 0.738497004993
0.0686555382578 9 536 8.52919212251 158 0.739386763225
0.0905684701269 8 935 9.3532117283 227 0.719820169117
0.0656588489871 9 383 9.71087235884 309 0.753642276251
0.0911364471581 7 958 2.07460784285 244 0.718968000049
0.0761748867747 9 425 1.79823867572 523 0.742425333904
0.0944255415386 6 359 6.00627391098 356 0.743013559735
0.0886354225703 9 819 0.675810606559 460 0.710283015338
0.0870031963456 9 807 5.305447356 529 0.710685082402
0.0655030904662 7 1031 4.92867129907 340 0.728274210483
0.0611283310393 8 678 6.64831180852 215 0.749188385106
0.0909931747074 9 304 3.18701236873 460 0.748400978959
0.0844647289568 9 785 9.86153327173 514 0.720080339878
0.0984393416021 7 390 9.74652731942 267 0.744332883522
0.0602324043218 6 370 8.31514603173 511 0.749015720668
0.0709415612771 8 1046 2.14646236369 410 0.71405287126
0.0697679666757 9 1061 1.240050755 201 0.707495217664
0.0795029280377 8 1070 9.68156271566 434 0.714580646597
0.0822427907082 8 528 8.2021652043 519 0.735064937711
0.0621336334867 5 758 3.87207503154 338 0.746369162123
0.0731199241796 6 978 2.41381432732 233 0.73200575584
0.0626338758528 5 1014 6.73721177173 238 0.739629654521
0.0957501606349 9 345 2.53285898748 288 0.732556005132
0.065284640171 5 438 4.81200168573 497 0.751867501684
0.0964860262321 7 247 8.85691345674 398 0.749131153772
0.0732336188071 7 453 9.84381803348 301 0.752212807682
0.06494657376 6 219 2.06126480932 158 0.749031729215
0.0694561888057 7 753 4.41414347857 477 0.736442528151
0.0979686121146 5 653 1.58715535934 471 0.740868467944
0.0988490366819 8 783 9.54387010792 429 0.703064769946
0.0631056354818 9 311 0.55872431106 493 0.761862044668
0.0935894219146 7 223 7.50108146101 248 0.741260748681
0.0862837282468 5 1002 5.88547069102 549 0.720216231789
0.082690672893 6 871 6.11894381068 244 0.727875957255
0.062479550774 7 356 8.67156841253 394 0.749604428897
0.0873841735016 5 234 9.83284816823 269 0.7356492811
0.0955956837449 8 1031 4.3104001628 168 0.699398264332
0.072481271306 8 305 5.04107309751 411 0.746441579077
0.0950898418757 8 738 6.86515845756 434 0.734051559404
0.0827139697048 7 965 6.28730130384 245 0.718903302847
0.0974478120713 7 928 3.03586431564 259 0.707142512125
0.0948111544535 5 309 6.68385886687 350 0.750028910898
0.0998828172562 8 726 3.64178915546 519 0.709916558507
0.0808082071606 6 991 6.77818231858 326 0.73256735842
0.0742590791635 8 592 6.32814792154 302 0.732502869428
0.0829149856572 7 214 2.28970187892 179 0.7528200982
0.0802816910803 8 496 1.36617965631 359 0.736947004237
0.0851302099208 7 789 7.4603884276 520 0.722728533354
0.0626561427533 5 553 1.95340308097 176 0.75011869673
0.0688143644856 6 1007 9.33619121078 194 0.737137341429
0.0770533636279 9 976 8.93758520902 324 0.721914106529
0.0754867898582 9 590 4.72734091443 194 0.738579910024
0.0717019010182 6 450 7.40099708731 537 0.755194605239
0.0768809855733 6 486 7.4188301642 482 0.744792889951
0.0646228977651 8 457 1.7002248348 296 0.752113667022
0.0722741566959 6 834 1.25993352987 337 0.741175087524
0.0921031727685 5 215 6.53118846935 367 0.749063333096
0.0886886207615 8 287 8.49451384268 507 0.748550416469
0.0762405408476 7 475 3.02550590186 179 0.741780197266
0.0977991844676 6 852 1.46402848239 303 0.712240934072
0.0865052241744 7 969 3.05477041577 380 0.69681250036
0.0622186833371 5 312 2.85907534033 152 0.758089060515
0.0707865755535 5 355 0.840024554862 307 0.746429014776
0.0699866007358 9 313 1.06235631898 518 0.740555361721
0.0992515615088 9 670 3.34478997954 175 0.714803061437
0.0858392318406 6 1032 3.25724174338 330 0.720880187015
0.0823850934363 6 463 5.6215868508 475 0.749005266104
0.0991456763706 7 457 4.48174622965 173 0.727725377887
0.074306178315 9 442 6.90918090731 329 0.752962719887
0.0699481721871 6 972 8.20400688204 455 0.740352931659
0.0991518574019 9 954 6.47665723267 380 0.69618055692
0.060274350498 7 735 6.96462908007 543 0.728369294111
0.0897707711079 6 794 7.30027237199 295 0.724312226694
0.0764899703463 7 446 5.01447790432 426 0.746854632581
0.0721379228798 7 642 4.56631618197 274 0.726846328715
0.0675986247689 7 332 2.17599942106 463 0.753058206201
0.0702967670721 7 568 6.16584458309 407 0.74501315903
0.0922538426882 5 645 2.44166856067 411 0.723040342102
0.0782613420025 7 958 6.24273032234 464 0.731451995457
0.0834906726963 8 819 7.10599937811 157 0.717470298973
0.0652970665414 9 224 6.96333409595 374 0.750497399875
0.0790787767593 8 807 3.00244551719 453 0.729419050473
0.0941075595519 6 463 9.38874059725 192 0.736793472947
0.0687036624438 6 864 1.19972254871 284 0.747036653583
0.0930739621489 8 548 5.56006128964 311 0.715345526809
0.0790015761749 8 794 7.56866020068 463 0.723034861674
0.0991893776991 9 514 4.75392027591 234 0.727719269539
0.0737680100727 5 417 7.73490817045 543 0.750407388395
0.0824899866806 9 992 2.84604072783 442 0.722630839782
0.0601233975768 9 735 0.505174460373 530 0.741432976442
0.0683332129345 7 963 5.20215453434 427 0.736273713913
0.086251081279 6 892 1.32278905678 357 0.731900470455
0.0790119588425 5 527 9.29201315217 317 0.747620608772
0.0603908232283 6 590 1.36612608847 436 0.749417299776
0.0972076341876 8 936 4.60594350541 347 0.698631538573
0.0919271270005 6 494 3.57133025356 528 0.740705521036
0.0818214153219 6 939 3.5371253336 300 0.730369473596
0.0958484568462 7 604 6.05925692176 190 0.717515269444
0.0782634960438 8 974 4.13300996102 422 0.709631789331
0.0864955760164 7 665 9.3368036561 185 0.720392812189
0.0953012636084 7 710 4.12609717336 323 0.715599992767
0.0677895035611 6 528 5.61611846748 312 0.74827617493
0.0668125391792 7 668 5.7055500611 171 0.738359750464
0.0618456805721 6 249 1.51998558846 197 0.747551573833
0.0960130792309 6 287 9.39202420471 532 0.739487428686
0.0733139781364 5 486 3.77307758499 260 0.75321374992
0.0851545022962 9 502 9.55524129671 400 0.724327074292
0.0801110349815 9 760 8.35255659423 406 0.728969075376
0.0690199570536 5 404 3.26313630697 520 0.75425890768
0.070170788424 7 975 4.11769152998 274 0.725959230638
0.0838891756603 9 705 3.88916528933 507 0.720768331569
0.0877152518463 5 718 1.73578975332 527 0.730520431234
0.0978961690758 5 319 2.41298060777 482 0.744725065501
0.074719249479 6 870 4.11169855869 438 0.734316802554
0.0742357572324 8 362 7.89646990193 223 0.749690908184
0.0839265183975 7 615 0.922388948769 337 0.729435403246
0.0865431781078 6 806 9.86813501813 209 0.731362629174
0.080149348555 7 602 3.90714667651 470 0.745349686818
0.0871218397592 7 705 4.27269670707 521 0.718287026021
0.0924162967264 6 794 5.93996613073 470 0.730588467317
0.0819239692283 7 1082 1.68217948436 374 0.713534201799
0.0963813496575 7 594 9.17974618395 260 0.728302579566
0.093427052775 5 487 7.10839235694 528 0.752133676927
0.0984868406297 9 1076 3.28300116457 450 0.697966751218
0.0640379876777 8 538 0.787064705779 404 0.737642283936
0.064360122208 5 212 1.58136569815 241 0.750774665479
0.0967548431074 7 544 8.14042900931 395 0.726418167338
0.0680026963046 8 530 7.62285906096 542 0.743810218658
0.0929626380874 9 292 4.58905269763 415 0.743593197966
0.0883598599125 5 1094 8.36965573988 495 0.73941463048
0.094827183098 8 937 5.50970369796 276 0.696936017573
0.0855018629777 6 983 4.89163555024 353 0.720097843422
0.0919528606675 6 1005 7.47369401121 288 0.704201200229
0.0991552644698 7 1060 0.548228275572 161 0.700838192119
0.0983195006631 7 468 7.29819760867 360 0.740199872594
0.0999926565561 7 652 1.52275846594 438 0.714140169499
0.0796799901294 5 990 4.47678899507 392 0.744036896453
0.0994609003143 8 964 5.51320711523 354 0.704901423953
0.0651697584021 7 211 3.1178420078 192 0.749505626397
0.082001671953 6 916 4.85892484248 277 0.744721867575
0.0648811815067 7 429 1.18457593661 393 0.754795537006
0.0831651731867 7 846 0.739983661098 281 0.72116269031
0.0643874167883 8 945 9.58605072482 269 0.734453553385
0.0861711206399 9 622 4.14530047436 196 0.729985211634
0.0809051235913 6 602 4.97899353813 300 0.733540949241
0.0897189428732 6 426 0.982738616047 403 0.72890354384
0.0841807991453 6 603 9.71641592693 442 0.740046224194
0.0621559889175 6 526 3.22979969017 169 0.741844447581
0.0639601221774 7 608 9.03596059151 182 0.743362143257
0.063456174882 8 953 7.2814378081 233 0.733251551381
0.0799617814158 8 672 2.2452392683 213 0.744191239757
0.0912283329595 8 1067 2.89233397099 272 0.699176717818
0.0916517336261 8 599 3.09506558098 518 0.716453144459
0.0908358090017 5 492 5.23230328381 239 0.737853083752
0.0762993435444 9 947 3.00324642582 185 0.70831819758
0.0969458623434 7 806 8.82970515718 219 0.708906196677
0.0630063364318 6 955 9.96870096737 367 0.751518386097
0.091673494373 6 1095 9.42347491174 458 0.710180198102
0.0903669860922 9 821 7.15696298904 246 0.707285718955
0.0673051008432 5 291 6.11612097336 337 0.765080787556
0.0711517971512 6 688 8.37561335763 347 0.735536772466
0.0933942174679 7 542 9.68231602335 200 0.724022432072
0.0803805328745 7 834 1.43656402538 247 0.732695912797
0.0667305950651 5 424 8.11025667995 188 0.749874384538
0.0646099431773 8 663 7.38740372932 261 0.741388645878
0.0649256959208 9 973 5.05043954713 283 0.731358301332
0.0670949111394 9 217 3.60244713283 455 0.751429358544
0.0673967772117 9 486 4.89878812463 433 0.741000702116
0.070538364036 5 555 4.59127713308 513 0.749078004751
0.0659981133867 5 617 0.852749286114 153 0.737378375166
0.0916749822993 5 885 3.45186970724 183 0.721866600211
0.067704662026 7 952 7.08863739721 476 0.723633233586
0.0749866921455 6 776 6.84758761835 538 0.737717058899
0.0964107125 7 991 1.63963522172 292 0.710955632317
0.0633266688688 8 663 9.09450719557 230 0.751302061199
0.0963617107829 6 812 3.50798822527 384 0.724904052286
0.0808663385932 6 1050 9.95453391573 348 0.718970148907
0.0615776843669 5 1097 5.05374656433 464 0.74389347365
0.0766209266715 7 517 3.12001197794 328 0.734571763565
0.0691886402568 8 656 6.83631424199 469 0.740102799162
0.0955029968528 6 793 5.28269484415 266 0.718149421966
0.0874694114492 5 842 8.86849818473 534 0.737003929848
0.0654227510655 9 554 0.609687564766 339 0.74848646799
0.0916452520784 8 1000 8.28347201671 178 0.717034910398
0.0621696159769 6 256 4.62322643561 452 0.751122926161
0.0830835813805 9 560 1.35595605353 342 0.729474593178
0.0708720432328 6 569 9.55353085393 407 0.738674651622
0.0939748663462 6 651 5.06342288849 164 0.720326910053
0.0804487897917 5 1052 0.724356884333 545 0.73060815907
0.0888894051646 7 729 7.8030933896 314 0.723738041861
0.0966984523449 5 252 8.88624831563 443 0.742520291793
0.074736483378 7 1029 5.40323452298 339 0.731168648986
0.0719930208992 7 429 7.83267925521 426 0.743327376479
0.0769271192856 5 1089 4.94704121624 314 0.73311045688
0.0799407825674 7 461 1.68724169389 512 0.746234995149
0.0633095103639 9 812 0.512777512306 201 0.726784166809
0.0897679431819 9 466 1.80690869358 424 0.732985479977
0.0874152575295 8 620 3.31762363013 204 0.726051758054
0.0873057309532 8 213 7.64200488596 215 0.745071364982
0.061283395075 8 227 7.29812232003 492 0.755256703077
0.070168268438 9 797 6.3403507065 489 0.725951631214
0.0612098524932 8 526 6.97110127321 526 0.751333268139
0.076267030714 9 429 4.83556522528 225 0.763599703024
0.0661325592973 7 790 4.4706852919 535 0.735931345677
0.069644076953 8 552 4.7262463814 387 0.733183737286
0.0880639623168 7 360 1.73553752518 305 0.728106463066
0.0809221139269 9 443 7.79363945222 439 0.734155994609
0.0951250487546 6 865 8.66467512592 407 0.713493803632
0.0787223791071 6 603 8.51936479789 283 0.734731828035
0.07906141934 6 256 1.21099983676 374 0.756926561962
0.0942153027682 8 355 1.14530459365 236 0.73577244954
0.0928178888614 9 927 5.72224756674 549 0.705056969574
0.0736940454074 8 808 2.98642350138 421 0.719810415416
0.0793820664245 8 774 3.88700491049 185 0.733334018389
0.068607841633 6 521 3.66693246771 415 0.742739084042
0.0942919304733 6 493 3.42919688124 211 0.73787203794
0.0857827023042 8 542 0.589105112178 261 0.709819315958
0.0904340350807 8 318 7.31528974677 177 0.7340143625
0.0773264834157 9 1043 1.26786918756 521 0.700012397097
0.08293696139 6 803 4.75676549523 370 0.742779765394
0.0869586485172 5 397 4.77986839708 420 0.746229887034
0.0849246152051 9 1036 3.26042148747 417 0.69798520101
0.0912977512291 5 367 4.66417058553 293 0.742511245217
0.0964722002654 5 374 4.39382542489 263 0.735962063671
0.0696357518566 6 487 9.90835063744 150 0.740134044983
0.0775807483139 9 1062 3.2416576835 461 0.717566135089
0.0647182216151 8 828 6.77751993586 280 0.728919665013
0.0682739664294 5 468 3.69073260833 238 0.743854406644
0.0696669646152 5 259 5.84700063278 538 0.742914733877
0.0887213678319 9 353 4.14070182174 526 0.735337706599
0.0921982861586 7 948 5.95083971648 415 0.713957410988
0.0891869525991 7 925 6.32455446396 259 0.707000835562
0.0915575530498 8 570 8.46976352344 534 0.713701868157
0.089609230598 6 664 5.48447842995 154 0.721972602096
0.0826123074072 6 963 5.61674259674 485 0.744599383329
0.0795513848987 9 873 9.99624295493 160 0.728885450161
0.0855413623087 7 764 0.776559239674 409 0.713549367511
0.0857045776302 8 853 3.54026109359 304 0.71247292423
0.0833858121607 5 1033 2.86197941021 510 0.72485819765
0.0842344632402 6 852 1.15471936469 362 0.732869669273
0.0786282130005 6 273 0.831659857345 368 0.73473178399
0.0609098779008 5 780 9.16145892648 313 0.746291586453
0.0926887497485 8 630 4.55703252519 546 0.732500610406
0.0940024380896 8 1054 0.540321152863 383 0.70078369407
0.0801467454432 6 1058 1.97132836403 392 0.727088681369
0.0979909055593 8 321 3.82400041285 388 0.732971647838
0.0708797163537 5 1092 9.7939260176 315 0.729760098166
0.0651948124567 9 786 1.80027872368 157 0.733679050204
0.0844164752782 5 869 9.39160490964 191 0.72703394434
0.0882483860956 9 658 7.21300897681 319 0.707739781246
0.0639876909559 9 467 4.85146225264 525 0.73765414744
0.0672133880574 5 833 9.67362357909 390 0.747155127147
0.0604370483862 7 698 4.4204597839 221 0.745261853904
0.077844066125 5 293 4.24335797738 337 0.741689284089
0.0879265412482 9 1058 2.22092335076 543 0.696994702654
0.082520567645 7 344 3.60137578022 170 0.739318993005
0.0622714875225 7 915 6.62028501903 346 0.747910651803
0.0929404593035 6 238 2.08896820468 492 0.74662552111
0.0647821738312 8 581 7.4893315062 431 0.736019928614
0.0676435526584 7 368 2.68626748325 527 0.756348739779
0.0873596313996 5 322 3.71157610208 330 0.749128718477
0.0757889187117 7 204 7.4597451016 320 0.748125531219
0.0975534058402 8 747 1.66545160354 178 0.728749679356
0.0722063693205 9 889 2.58635625151 187 0.729916509876
0.0680437613458 5 706 5.39944998258 472 0.743465159443
0.0613995097349 9 569 3.67063967492 229 0.737564914269
0.0905111068212 7 925 4.42586850162 374 0.710974356228
0.0910772184528 7 206 6.40443218247 411 0.746570861187
0.0721078724561 5 774 9.26603294479 283 0.738980643937
0.0617173748276 7 579 7.56184400084 492 0.742785377147
0.064204953356 5 780 2.39104658026 319 0.755106384405
0.0702737755059 5 663 6.20984009156 460 0.746614762908
0.0904640631886 9 414 1.95170786774 442 0.735532247983
0.0727805759614 8 910 0.561995858228 384 0.726635411935
0.0998491154263 8 287 0.671250700098 447 0.753557753543
0.0870330830729 7 693 7.47390481704 332 0.731380140937
0.076074530732 8 695 8.17451285633 320 0.725627430706
0.0672207617185 9 758 5.71457649631 501 0.750693398664
0.074770034626 8 211 7.92054728877 543 0.756813920946
0.0935501850806 9 721 4.64017183197 477 0.714666341984
0.0895674526622 5 736 1.86937761187 548 0.743984703163
0.0885494753242 6 1050 9.83303041741 366 0.710952710946
0.0824739554556 8 734 9.48273535517 438 0.732663911193
0.0686427952719 9 705 3.4192091951 423 0.734745489837
0.0895182362033 5 355 5.88746210412 154 0.731909395019
0.0834695798372 5 918 4.70742590625 335 0.736046456116
0.0949969730563 7 436 1.66215224796 177 0.728905626347
0.0661248619756 6 247 2.85571301706 338 0.748250010484
0.0987807104088 9 691 8.49529266428 192 0.718966618505
0.0626866745326 8 1048 6.94817291356 181 0.713660747975
0.0699206906642 9 708 9.69688851636 293 0.736666399728
0.0667433978761 6 571 0.719241395184 485 0.749045436125
0.0696166567166 9 498 3.98320575841 259 0.728253102677
0.0793773303131 8 518 3.40976642948 320 0.733207273888
0.0825685437956 7 638 5.61559366511 220 0.720699386262
0.0813322716695 7 506 0.539571317594 362 0.743764512565
0.0932578011966 9 414 1.27687354986 436 0.743303975068
0.0658653066534 9 995 8.64298375947 436 0.726548453441
0.0960209006931 9 921 7.70075013743 549 0.722539861667
0.075433560787 6 932 2.32990257028 481 0.740169449464
0.0872870362406 7 481 9.43177454909 333 0.73654993094
0.0917000687675 6 248 1.80525265496 386 0.734225729976
0.076005555899 7 870 3.21612702764 237 0.729942113586
0.0898401043612 6 772 4.8708917244 526 0.714260638707
0.0638119281446 6 856 6.06018690973 280 0.739790883803
0.0711897087705 8 430 1.03086693072 433 0.745931453044
0.0692976532269 6 281 6.46784559891 203 0.74399807165
0.0766169416331 6 614 9.47948507632 376 0.736566380614
0.0940826241104 7 864 2.85326656949 533 0.70350130554
0.0856658065487 5 352 1.5223428888 478 0.751228053717
0.0818412815966 9 910 8.00211281272 401 0.713379960376
0.062354100142 5 1010 5.218526468 210 0.746782533268
0.0994710904144 9 477 5.65465856724 440 0.717170342757
0.0736619951929 8 279 1.11403194031 225 0.759197230988
0.0805934796196 5 1066 9.70074831776 232 0.729010075167
0.093127512414 5 899 2.94702332743 255 0.722928892701
0.0976043068474 8 338 6.00547804029 476 0.741525076997
0.0741326811432 7 889 6.45116346482 386 0.728467310847
0.0824078796886 9 668 0.601040300697 460 0.726338533743
0.0800332072527 9 936 9.04262396756 261 0.712777859747
0.0797667752494 8 428 7.73764164918 474 0.746172632217
0.0918892951658 8 929 9.05371392627 198 0.712672005705
0.0626118427427 5 870 0.857144999204 322 0.741961321477
0.0792418260334 6 884 4.71018572194 181 0.72715420658
0.0710999467772 8 841 6.56838693102 155 0.73224875207
0.0699618353538 7 908 9.26420082907 478 0.741113806489
0.0709003673734 5 854 7.01447369666 301 0.742136839313
0.0787711621865 7 1024 6.82256323315 362 0.714025880259
0.0652782348452 8 770 9.42556290054 383 0.742571547539
0.0994957336975 8 587 6.74723320042 190 0.721727185741
0.0697531194846 8 481 6.65165633083 172 0.745576779337
0.0823523802041 9 933 5.16242999933 477 0.708129411149
0.0945560452076 7 790 4.59750711605 335 0.700433221739
0.0766464561095 6 218 5.35840950422 463 0.769035095498
0.0908424516486 7 944 2.34066160373 238 0.715092244467
0.083997573112 7 940 8.67949824706 231 0.709585638612
0.0801826286446 9 300 7.73203012737 274 0.743687828019
0.0728231880145 7 700 2.0263701892 431 0.728780847382
0.0985382943189 8 848 5.98672136656 538 0.704024529612
0.0831751771993 7 1026 1.34721596201 392 0.713892602679
0.0988423152635 5 715 1.38309962263 518 0.740596760417
0.0923184841398 7 1001 3.09031348919 271 0.728073970247
0.0954255319813 7 231 9.09147832644 481 0.754116164847
0.0984834414659 5 406 4.85993163836 389 0.747776974879
0.0681988503102 5 258 8.04700108173 239 0.754443035032
0.064468513037 5 872 3.31102012391 298 0.743774547144
0.0913199472584 5 1078 8.22570233156 168 0.715627112571
0.0854511929172 8 1020 8.33291874817 200 0.705809298357
0.076162490418 7 928 5.75492313211 274 0.734038598937
0.0949895167374 6 271 8.18015716951 450 0.735620995985
0.0805276207575 6 412 0.909021356012 531 0.739338987592
0.0836483849678 7 431 0.984920130358 156 0.746513801731
0.0654507084408 7 839 1.47624971691 502 0.738867771684
0.0756177446354 6 621 4.10023068691 382 0.744309828931
0.0781592903224 9 517 1.63667766535 281 0.730319387922
0.0630661084582 7 208 4.28423358171 215 0.747282930127
0.0739523566463 7 901 9.838390261 266 0.716053393458
0.0667311499311 6 581 3.8282066049 406 0.740064640116
0.0613273904672 9 966 8.6595683837 173 0.723270425269
0.0625647334255 9 370 3.32322215067 496 0.762069306727
0.0678611582912 6 327 3.37327651715 261 0.741364090713
0.0985951467503 7 223 0.816643420442 318 0.747497013633
0.0734851530577 7 276 4.56154229139 232 0.747335569442
0.0994830194188 7 943 7.72282448288 504 0.720726794868
0.0801731963469 6 799 9.8775171356 481 0.737251251676
0.0822145742181 9 405 9.08782385821 234 0.74146638266
0.0706430836246 5 969 1.84608402917 296 0.744729432022
0.0819203787923 8 232 1.40794519761 276 0.753916700762
0.0640336676959 8 918 5.88866956087 490 0.732814876012
0.0845654719086 5 583 6.30320243902 326 0.735020000467
0.0828355083602 5 327 2.79192312068 544 0.750600555985
0.072594369802 7 225 6.55185550611 366 0.750149117343
0.0721260365112 6 215 7.46020931493 336 0.75283566748
0.0799549999098 8 278 4.51438754156 466 0.755377542859
0.0660877087837 8 966 4.19787209243 335 0.724196271762
0.0702411053981 7 201 4.34874734273 456 0.759059684491
0.0654524228519 6 1076 9.88085957769 408 0.732897290367
0.0780453639585 8 411 9.55286725703 499 0.747524648525
0.093357531199 7 847 5.9451192254 375 0.721162168815
0.088333766978 7 1047 3.02220143942 525 0.702544306941
0.0984357825486 9 807 1.31415548382 355 0.704537312223
0.0747202993474 5 781 5.42436385067 446 0.751730023977
0.084203340699 8 240 5.612558343 175 0.744022370017
0.079075788442 9 615 2.71188444182 262 0.734033748647
0.0867894159112 8 1021 1.42430171821 472 0.717476670712
0.0724201886349 8 701 6.27727359346 510 0.748090136143
0.0819632217044 8 227 8.70864310167 382 0.749499137954
0.0904843679798 6 426 8.82029393287 518 0.741636705191
0.0779820567025 5 232 2.85791464261 325 0.749022245841
0.0776885867293 8 762 4.89460923801 181 0.7232115744
0.0842615075895 6 848 3.47526772021 441 0.71804630802
0.0603886393991 6 355 7.93907386761 239 0.758258089116
0.0752293532459 8 373 8.64299057719 293 0.760599399633
0.0857444594806 6 383 7.24874421934 454 0.745590973143
0.0838824007489 5 239 1.15209612261 431 0.742065461496
0.0665456066566 5 655 8.83405291504 255 0.745498541772
0.0802779969959 9 447 5.68871457027 179 0.736661590612
0.066934027212 6 961 2.70325386191 472 0.760677447104
0.0746688962164 5 305 0.805082631583 159 0.755588030375
0.0890205925311 8 935 9.99765323541 455 0.723671910257
0.0891551071311 5 1043 1.71146926275 488 0.729958514097
0.0666510132482 9 272 9.77632419185 150 0.74418059934
0.0750945693185 9 1096 8.83736752697 447 0.716078972984
0.0790254931618 6 837 0.618550521821 352 0.736704838396
0.0834434051726 8 610 4.80182108763 375 0.729944253371
0.0950961955231 5 960 6.3032151424 191 0.71990380474
0.0799591035348 8 513 8.16198636053 526 0.738603753861
0.0647067985984 7 855 6.80720666457 435 0.738756139222
0.0868806547507 6 270 8.77353785775 468 0.757249256935
0.0991035006258 5 298 4.02371048057 313 0.737503059855
0.0872213328942 5 903 3.9713609284 486 0.743624349178
0.0837736045549 7 926 9.52541346147 367 0.727577649034
0.0624168257808 7 907 4.21976110256 176 0.729760993288
0.0983360816822 8 652 4.0096123251 492 0.713578207999
0.0696239074634 8 295 1.26060141123 379 0.758485801634
0.074850472036 7 946 8.17289197925 540 0.743085830632
0.0619633140969 9 794 4.22835336204 376 0.729992286662
0.077425885329 9 467 1.87458231975 425 0.746949393642
0.0788453692231 7 350 8.10751101452 379 0.738862282973
0.060299120922 6 543 0.847009740497 519 0.74296813021
0.0652097754695 9 1096 5.67731894175 504 0.723389490028
0.0799016047491 8 391 0.578288272352 176 0.748040130941
0.0902359354055 8 345 3.07521138692 462 0.745013934484
0.0650699368467 9 253 5.32403421105 480 0.760731211081
0.0610398048022 8 371 2.84600658891 286 0.741259261775
0.0970509294155 7 677 9.57348864401 450 0.718897866293
0.0616486256844 8 596 5.69812539628 352 0.754441820945
0.0856956841465 6 1089 4.79990065919 194 0.715845499164
0.073904228679 7 681 9.51113523154 221 0.740739442851
0.0953404434699 7 862 6.79114195617 495 0.725723307804
0.0666335578193 6 734 7.17722478135 336 0.747132901122
0.0787656505502 5 357 1.31003025769 415 0.752797540873
0.0751016184339 5 1056 1.80944310959 526 0.726479763674