0.0763579847309 8 949 2.31204329344 403 0.733664189496
0.0966341477285 5 412 1.87053494354 448 0.735246279534
0.0992801369192 8 546 2.20803366731 340 0.7254998877
0.0746412455934 5 220 1.33500603311 317 0.746242710631
0.0887745717395 8 571 2.48655895334 363 0.724365375602
0.0752295830065 8 239 1.18829693258 525 0.746297416741
0.0914646171223 6 1040 1.37705647482 453 0.713763230303
0.0901461818464 7 761 1.15209220285 418 0.716498214223
0.0943626541751 5 362 2.49654071598 340 0.745463521671
0.0929413731334 9 819 2.06121574374 521 0.704557176466
0.0979859315647 9 849 1.75139148176 304 0.705741687856
0.073702862486 6 290 0.917733821712 366 0.752757443018
0.098342216544 8 395 1.84499389941 527 0.725705616128
0.0879582775008 9 336 2.44533654369 417 0.739053357379
0.0871753435827 7 262 0.533451573728 262 0.744357837196
0.0669410039921 9 756 0.922065058473 439 0.733524943566
0.0797930404851 6 445 1.62285892576 514 0.749985396611
0.0634833883721 8 391 0.660024627602 495 0.756949138864
0.0852699405224 7 1032 2.16093986749 516 0.719615588135
0.0819541395243 6 683 2.08055840656 489 0.744646165099
0.078277717588 5 550 2.1616066457 275 0.745141966867
0.0841753562618 7 500 0.595551641054 249 0.733047910262
0.078858290529 5 946 0.652008444662 534 0.738420182098
0.0748796045383 9 623 0.608672198734 404 0.743152504475
0.0969020016452 7 270 2.22175353144 431 0.75187393309
0.0985705823215 5 551 1.08691260906 170 0.732532070665
0.0654905852304 5 1038 1.16666928744 416 0.742163929346
0.0687344819345 6 636 1.27462692855 301 0.742964388554
0.0678598083935 7 458 0.72039565579 497 0.753768076719
0.0641359945798 6 360 1.01290868485 475 0.751763309298
0.069349625121 8 952 1.40784827986 428 0.742214392298
0.0964296951868 5 778 0.635977585902 370 0.731258748337
0.0686722332552 8 421 2.24058933245 470 0.742630914
0.0779312561926 9 783 1.98959231262 455 0.725163969578
0.082133602156 8 986 1.24412739908 503 0.715485839613
0.0677954226493 9 304 1.66281902182 284 0.745499585576
0.0828695946072 8 942 1.33558315905 313 0.721749693754
0.0975329687263 8 278 0.643912046572 447 0.739650205369
0.0947080759575 7 911 2.46375472906 297 0.720102497344
0.0929372594048 5 455 1.36131445644 158 0.749127989401
0.083606131542 7 556 0.868269303271 303 0.72884311655
0.0603407406039 8 674 1.498350563 262 0.752217701153
0.0856187271117 7 797 1.23216274614 500 0.726616276544
0.0923470532961 7 720 0.672563460106 323 0.715974699485
0.0635010069555 5 629 1.00048330269 296 0.753565051548
0.0996263908855 8 688 0.701393094641 356 0.707612034114
0.0813751504959 6 767 2.07073990982 197 0.727771486197
0.0632629616976 5 988 1.3260266952 513 0.749351397174
0.0857766125762 8 571 1.8956918407 427 0.722108607696
0.0942585959552 6 917 0.763527414581 182 0.721236542578
0.0884037984586 6 459 1.80423063939 305 0.738176552639
0.074402861195 7 995 0.687829705862 308 0.729653268099
0.0634786432944 5 517 0.686509783814 548 0.745196946246
0.0991083571419 5 631 0.877206763343 507 0.722756553594
0.0663694501237 8 885 2.21120137142 452 0.73381431648
0.0831662078951 8 454 0.701536568304 356 0.738671578845
0.0874121704489 8 840 1.52710900776 336 0.720782426084
0.0771554054152 6 936 1.51966436511 391 0.735496586219
0.0604439069546 9 937 0.943766131841 496 0.741549877309
0.0778825596448 5 785 2.48735684807 445 0.742990989685
0.0802135786913 5 954 1.41602912189 304 0.736776873592
0.083098292164 6 463 2.40893001515 292 0.731435649702
0.0738732612809 7 973 2.01303308732 389 0.743184228266
0.0840296320674 6 721 1.3588188716 461 0.733849306576
0.0825609513564 9 353 1.2829516195 528 0.738250986401
0.0627403051365 8 781 1.24862975899 379 0.735578017336
0.0851649122533 9 596 0.515729139262 274 0.723784519772
0.0972972071727 8 971 2.41779334306 496 0.718732147881
0.0634632203045 7 238 2.39944841257 216 0.745853876235
0.0739093762247 5 1050 8.66133592842 437 0.726203693292
0.0725156344219 5 242 9.02217328202 465 0.752942745634
0.0913672405456 6 505 7.31435855293 349 0.728887480891
0.0704091558324 9 615 1.4333695222 462 0.728871312805
0.0951473819284 8 481 7.3733136446 405 0.732904559589
0.0735080753162 5 487 9.18623839017 475 0.751356214841
0.086789405777 6 276 3.64784442072 395 0.744394650238
0.0627865843845 6 607 5.28724008703 485 0.759663518645
0.0609193965558 5 521 6.48315742201 170 0.742144739115
0.0888437826278 8 646 2.06983342492 390 0.729923479926
0.0884319278296 7 410 4.0923016976 396 0.742456973001
0.0856377857522 6 510 9.21932353574 215 0.738125769316
0.0859152486521 5 581 1.38271649214 238 0.726113239154
0.0663246762224 5 848 3.03776903142 338 0.745009441188
0.0661327577422 8 608 6.70382347836 476 0.745553760447
0.0731434493137 6 996 1.7976122998 287 0.725352753431
0.0932341072681 5 749 9.04337266903 334 0.737224465163
0.080023783277 5 685 5.69918588793 400 0.732701845343
0.064086866676 7 778 9.82322444896 451 0.757143030229
0.0755982284656 9 737 2.58810327988 526 0.717668665159
0.0980204630388 6 812 5.63805880629 216 0.727678790753
0.0775230453136 6 473 8.94504465332 276 0.752750694159
0.0628997885678 9 613 4.28186539048 439 0.745863897138
0.0716538851847 7 561 8.44446990867 336 0.740047206396
0.0867159251194 9 260 6.00786122243 512 0.738893335776
0.0914871859809 6 846 6.74191198963 543 0.729130553419
0.0736321714019 9 681 4.29063124665 175 0.727751759066
0.0773789391749 9 772 2.33934133786 480 0.729618790852
0.0939109450846 6 533 2.04049223189 236 0.730680893959
0.0937999823183 7 427 5.28706013354 239 0.731313867854
0.0952300202796 6 853 6.03988995851 388 0.717348667382
0.0714376706429 9 585 0.882439485154 287 0.753349406997
0.0675527522095 7 784 2.21226709489 240 0.734709866036
0.091729700317 8 1097 3.12554298374 515 0.705599847341
0.0793961861654 7 763 5.16910098241 166 0.722182193456
0.0659044228382 9 840 3.69403223788 550 0.742425624319
0.0968480260439 5 1019 5.50015558548 178 0.707356848708
0.0899435738253 6 577 9.42230838712 533 0.73213870418
0.0648017040325 9 495 1.46093990332 501 0.755215391021
0.07911103347 8 605 6.2972646525 434 0.734203326682
0.0787394892131 7 763 8.98034813686 493 0.733540168826
0.0654761902252 8 917 2.43777429145 306 0.735817033015
0.0710804231651 9 634 9.76160166497 329 0.738858848905
0.0797437355781 7 1012 1.35399118039 276 0.719604995967
0.0867152510803 6 580 9.44220623836 354 0.722724963884
0.0713503096955 6 442 6.04013114601 314 0.748135391074
0.091236369496 9 1068 2.55211101034 186 0.706994797248
0.0717584683759 7 335 9.8234938219 326 0.744564084471
0.0736922809962 5 627 8.53771447361 385 0.749094422244
0.092265185023 7 294 7.32055817612 246 0.7377333911
0.0710154655318 9 777 0.677342474557 170 0.729227081836
0.0641052852424 6 684 2.87788661004 502 0.734958765982
0.0775598176402 7 786 3.94429709682 382 0.732756039099
0.0780779078811 5 1066 9.66687701597 471 0.725704274435
0.0829447210262 8 862 4.81797596226 363 0.724837235116
0.0784400033435 6 367 7.52496576894 320 0.738225660265
0.0722421770521 8 613 8.25976149221 332 0.741167382032
0.091702602924 5 1016 7.75319587101 164 0.711605031409
0.0862444804279 9 811 4.74937844997 280 0.719396136876
0.0949461796933 8 763 9.57752388106 223 0.724531605054
0.0665725183811 9 367 4.35521930635 274 0.751940928816
0.0910467641703 8 1024 8.55669874937 507 0.697253356995
0.0830801980686 6 478 9.68944851086 369 0.744768622885
0.0672073443266 5 206 5.93069769176 181 0.746531225757
0.092554175567 9 900 2.02654336887 217 0.719132015576
0.0932770709615 6 215 6.69981745569 426 0.745726771359
0.0694559940814 7 431 1.51942557324 349 0.755143532054
0.0987489023938 6 937 6.15082872689 510 0.716170804468
0.0700333062189 5 747 0.531361166 447 0.74698825725
0.0626565665925 5 311 3.16752200488 438 0.752589568971
0.0610796697005 8 598 4.84965263346 390 0.753528748819
0.0707808035116 8 627 5.46177640202 311 0.735555018478
0.0926511823913 8 530 5.98848173662 438 0.731857027564
0.0717631408724 8 773 1.7838616335 498 0.741386776962
0.0678069439037 5 218 1.28976789846 211 0.743606302087
0.0639324971018 5 717 1.14105095453 179 0.742510209168
0.0701101476158 7 641 1.75144864664 228 0.751694057619
0.0817344605794 5 772 3.81424343627 302 0.732563596102
0.0789728461615 6 250 6.91250563899 264 0.735290502475
0.0936496070057 6 833 8.28234685609 377 0.717380742359
0.0688109919939 8 1078 2.93113055125 528 0.730177562941
0.0931123678209 7 488 4.15876736224 374 0.722836234043
0.0947257004005 8 807 6.74270010648 249 0.713019058925
0.0863752741064 9 836 9.25804892982 305 0.708705395426
0.0644871096835 5 996 8.83882318863 424 0.73096574327
0.0994236893788 9 766 7.65969207148 498 0.701813078575
0.0736310524118 6 377 3.67298375881 253 0.751852246351
0.0722034776017 9 387 2.79644865803 259 0.735918607007
0.0966903008734 5 329 8.12488109479 293 0.746046675543
0.0960398330156 7 352 8.17511363945 237 0.747893002278
0.0703009853524 8 537 2.32836165575 423 0.736868891957
0.0674509671854 8 732 1.73589239122 281 0.734640334434
0.093248042055 5 916 9.08525890187 281 0.725208545573
0.0754936139381 6 634 1.18282596575 223 0.733655318068
0.0848070196558 8 422 0.870937711111 447 0.743459782666
0.0817468735416 7 913 4.11647569875 157 0.718930414966
0.0693554248673 5 977 4.69095430908 244 0.736368829858
0.0796701601744 8 1082 7.01227629348 542 0.712615775289
0.0864461373481 7 1021 7.43279523703 322 0.713798538236
0.0990237405103 6 961 8.31248392684 259 0.715918755459
0.0614722260074 7 949 1.95267496151 360 0.737826494008
0.0935892010237 7 468 9.92386197767 278 0.73869211721
0.0930725145487 8 566 9.15972430225 390 0.737396570847
0.0679917480719 7 789 5.41894300128 283 0.738976487225
0.0701036091647 6 969 1.96492821808 191 0.738546594389
0.0864433205089 6 396 2.54520584155 482 0.732618150063
0.087732514304 6 228 1.33546893396 478 0.748687053111
0.0922308989738 5 921 4.67000032443 520 0.740621934162
0.0944040655532 8 1012 3.36246537654 171 0.699957378698
0.0811055160342 5 701 2.99370349013 173 0.737927245647
0.0624870837547 8 592 9.81964134851 185 0.746513441957
0.0653862768025 7 240 9.29011587418 178 0.754571833848
0.0905289786742 7 984 8.53279408468 470 0.721903418657
0.0633298808622 7 851 8.41540703102 206 0.744401290457
0.0982591113333 7 1078 0.678488998059 230 0.694445354166
0.0971327479123 8 384 8.33430762354 316 0.732511646388
0.0892012665726 5 882 3.48625983786 280 0.726225817238
0.0632305905791 8 239 3.13179862099 267 0.750361046553
0.0792288067111 9 265 0.971280900629 279 0.743252847552
0.0685308623153 5 690 7.40424171562 203 0.747365451037
0.08270337523 9 518 6.66368702925 532 0.725496940701
0.068312318407 5 318 4.83503214823 257 0.748614197479
0.0992277982494 9 784 4.85773044744 403 0.706214861642
0.0989872690073 8 223 1.43438458733 453 0.732722941903
0.0675119079172 6 518 4.01321231908 410 0.750550079836
0.0890609232389 6 636 3.31383932019 320 0.730560314544
0.0884190963846 9 498 0.95503765082 455 0.726176318402
0.0802717504216 6 329 1.99045346882 214 0.736377871308
0.0943931484361 5 543 7.81141784649 334 0.740245343326
0.0634428391694 7 994 7.10031092 336 0.73248946719
0.0677997738173 8 696 7.16022425468 270 0.728079635398
0.0945731751639 8 648 5.17635602091 269 0.711256871266
0.0709252706972 6 304 8.13477136021 359 0.761159832547
0.0880154952039 8 459 5.18908870957 423 0.73882736475
0.0613872546316 6 864 6.55351067428 194 0.742618082133
0.0771903666174 5 988 7.0479956139 265 0.726756900134
0.0949534681014 5 878 2.43339529284 342 0.726436264768
0.082674137439 5 499 9.41378372571 315 0.733285024239
0.0689341968594 9 962 3.73655257322 409 0.722786019296
0.0651348298298 6 553 8.40971204357 531 0.750811622532
0.0649295190963 9 608 8.86459713041 188 0.739981640757
0.0488832606353 6 745 7.74735884753 510 0.754079844081
0.056127849964 8 917 8.4934956197 433 0.73649199784
0.0661212030046 8 408 7.7368376007 528 0.752648888275
0.0747486031008 5 864 7.82979092888 463 0.744008070419
0.0710820347698 9 1073 8.58570185794 391 0.724045648846
0.0657006418362 7 663 8.40890761318 362 0.749456524113
0.0864211144516 8 875 8.12646422898 399 0.724623093524
0.0772354941855 7 916 8.51015162812 505 0.729687155858
0.0638920848239 6 562 8.78814465158 418 0.740634275664
0.0726975223277 7 373 7.06141226135 239 0.752031351642
0.0721030518619 5 450 8.24885792892 464 0.751397693162
0.0653186611972 6 1084 8.16521720707 290 0.735475634408
0.0741890692782 7 504 8.06633486389 156 0.744249001633
0.092064123879 5 1071 9.11857741515 227 0.732817774501
0.059292555812 9 758 7.92468423009 185 0.739212157049
0.0596108876557 9 840 8.72861312055 178 0.732260477079
0.0719677604059 7 770 7.16927691547 284 0.730435200586
0.0863599529946 8 586 8.22924078764 422 0.732788914125
0.0657907797615 6 536 7.81947216666 226 0.744368075653
0.0819777021982 6 554 7.91459653607 344 0.738188244528
0.072245409539 8 1099 6.91355021537 260 0.719572418571
0.0614594349323 8 574 8.03095753361 347 0.748484735033
0.0724244544259 7 900 8.62045574254 248 0.724594493899
0.0596846112871 7 1025 8.03049168659 452 0.737216142144
0.0723546779473 8 457 7.84392678244 428 0.753740505797
0.0671814631719 7 543 7.91567712092 329 0.744795050735
0.0748665577136 8 434 7.90282580099 513 0.746954255885
0.0826141462345 8 762 8.51800318184 402 0.720863391403
0.0605759337756 6 800 8.03626247081 431 0.738732427901
0.0774542733748 9 842 8.55961597966 363 0.725332944198
0.0661120441521 8 487 8.34598541019 481 0.757893206377
0.0722963676908 7 464 7.87558340818 306 0.748173334992
0.0633735719388 7 965 8.1491794329 296 0.747901926525
0.0657951092729 9 1097 8.35603701266 370 0.727268006212
0.0664630871108 8 960 8.4889615931 189 0.733144555017
0.0801818766023 9 241 8.11372067154 499 0.749804500909
0.0646790705145 7 971 7.42079636132 171 0.734730617013
0.0779239108458 6 492 8.34348854413 506 0.745613651765
0.0692464347058 6 827 7.42077766793 327 0.738114183331
0.0685817291353 5 933 7.24232213394 200 0.738126324438
0.0691532042613 6 869 7.4462235094 273 0.734822356035
0.0614530147561 6 450 7.87064192518 496 0.760513230512
0.0719474278352 7 349 7.48636257134 347 0.757433425993
0.0663015853867 8 742 8.24546287816 467 0.735601539893
0.0776867218752 7 828 7.95317681823 463 0.728682338263
0.0556503109899 5 406 7.90433751514 263 0.757859023341
0.0694447965864 9 245 7.56467091023 254 0.751789697876
0.0619701401352 8 688 8.71093445246 288 0.747053472353
0.0649403138206 9 360 7.23763537385 307 0.759012982064
0.053679376054 7 930 8.77880676705 299 0.749352334651
0.0642523306039 5 659 7.42880931805 368 0.74242793661
0.062566113182 5 355 8.35331370046 244 0.742576127
0.0467976403565 7 593 8.7777995752 273 0.742755411812
0.0716930778096 7 971 8.2024155929 208 0.728086881565
0.0775797255879 7 856 8.54844610832 162 0.73246460659
0.0694643198524 9 245 8.45540591224 263 0.743947838027
0.0663558759457 5 762 7.8831595278 438 0.760032919632
0.0642855388795 7 569 7.30562652664 242 0.743553794281
0.0760441685616 5 538 7.87682597304 534 0.747130813546
0.0730543086713 6 862 8.53502065875 200 0.736105271734
0.0786848078799 8 302 8.21172378508 240 0.756149170396
0.0681773580862 5 458 7.813837946 366 0.754301255218
0.0872497548161 8 1092 8.89020536078 414 0.712955703974
0.0558431056247 5 1044 8.17712689258 228 0.749578874515
0.0669825069548 9 952 8.35339529997 182 0.729047101354
0.07193331837 7 664 9.27710899984 215 0.740960582123
0.0660475429813 6 410 7.95328891215 272 0.74682468337
0.0777368218448 8 698 8.67595986924 540 0.731338270532
0.0585192563824 5 773 7.7848364814 368 0.74680719253
0.0621335926423 6 712 7.5500049398 515 0.735837595056
0.071507107125 5 347 7.83221503577 266 0.74988240909
0.0811367624583 6 232 7.6884252389 377 0.748440972013
0.0795614162486 9 309 8.28196530096 166 0.747262141522
0.0662702540858 5 667 8.72456083468 474 0.762286318745
0.0884381522271 9 656 7.4898054274 414 0.723978166724
0.0574101885033 7 482 8.32363934184 450 0.759711639384
0.0722680226748 6 856 7.558331992 479 0.759325771472
0.0702212109528 7 855 7.51439652763 462 0.734606431184
0.0615847542115 6 377 8.73866528235 459 0.754280244422
0.0849015081518 5 823 7.49194735452 534 0.737314792923
0.0626192004396 9 845 8.07830298358 490 0.741277407768
0.0654656018491 6 412 8.61974067707 401 0.761022668862
0.069525418758 6 644 8.71742793688 296 0.739322177875
0.0672386203538 6 510 8.51028729801 488 0.746710221398
0.0758183052209 7 388 8.10996767244 352 0.751111800406
0.077026565268 5 697 8.43110966122 512 0.744053967713
0.0446928341735 7 904 8.13695147932 445 0.752814165953
0.0856762880848 5 594 8.4894873469 323 0.739622731859
0.0811885987889 9 359 8.16667109459 177 0.739687989888
0.0461580545046 6 894 7.78901439766 161 0.744957232804
0.0508769452515 6 476 7.78388915968 354 0.758713705457
0.0835967130664 8 1064 7.83495180508 266 0.714299871506
0.0583424790428 9 1063 7.99251456579 442 0.734435634169
0.0733353134796 8 983 8.57575045737 213 0.713760706253
0.0488000132784 6 987 8.89150513391 394 0.742327271669
0.072027044679 7 202 8.63496101987 427 0.756269834123
0.0609981619352 5 470 8.29192490427 206 0.745393630705
0.0824352202319 9 507 8.41551125508 171 0.735223974199
0.0637840188099 9 356 8.7191717928 345 0.757168491503
0.0674281011681 8 891 7.48912566895 506 0.748638634219
0.0612660443576 6 315 7.69564733388 441 0.755189588403
0.0751984504254 9 925 8.17102237809 194 0.722163084724
0.069739915571 6 807 8.34576364683 512 0.750955573377
0.047922431969 9 256 8.79894698015 387 0.761867211864
0.0829063491982 5 296 7.58480741408 246 0.744294080233
0.0742560312055 9 256 7.85301461616 368 0.747983730244
0.0539608449392 6 442 7.81047704641 490 0.757518330353
0.0693015515807 8 311 7.79662930991 372 0.745066451716
0.0654305467559 9 1092 8.11880574432 272 0.715731175283
0.0704920247306 7 1083 8.00693793848 413 0.72367824564
0.0596475822315 9 982 8.09511862197 490 0.749363355953
0.0761145180531 7 916 8.06129955254 518 0.73521103229
0.0765319768381 9 308 8.92808733382 387 0.742483931319
0.0736637138482 5 356 8.9200220731 295 0.75259842891
0.0697424893147 8 968 7.98508473015 298 0.720614014207
0.0654019659386 5 717 8.02895983935 429 0.756353766061
0.0896724921347 7 865 8.52954505389 157 0.70720641363
0.0738462014535 7 296 7.87830740482 488 0.753809035055
0.0882380636371 9 899 7.62789096237 509 0.710286870356
0.0677991359506 7 399 8.47538750941 383 0.753063623536
0.0749430223172 7 883 8.07770106444 464 0.732732713657
0.0888734353129 8 915 7.48773755176 246 0.713788298313
0.0504818778902 7 546 8.48503953541 320 0.752047681956
0.0830956167564 8 920 7.65991288276 456 0.732487105355
0.0588362712872 9 778 7.55628481535 339 0.747261214862
0.0744156509203 7 702 8.02531936032 262 0.736628906927
0.0676061512579 8 868 7.88500895423 301 0.739946393801
0.0622090789275 6 597 7.44432769561 350 0.748047022868
0.0629302504752 9 486 8.48974766752 246 0.747171099214
0.0617019445512 8 983 7.1664878241 156 0.726457072954
0.0644697809016 7 848 8.42112195896 267 0.750084422376
0.0555123046568 6 1062 8.16808772422 488 0.751565070423
0.0572631681868 6 356 7.88425273108 351 0.749170414022
0.0719129900505 7 753 7.47705995019 173 0.726460133621
0.077422261398 7 645 8.17364759584 335 0.726989329574
0.0460429442421 9 961 8.21003918666 254 0.748024053806
0.0734096603329 5 709 7.36322882209 331 0.741865523707
0.0617005161631 7 594 8.44780735947 479 0.752549213453
0.088101146918 7 452 8.48103027752 521 0.727479487214
0.0729478273768 8 353 7.64672044351 375 0.75152939031
0.0655200973822 5 642 8.15787161424 498 0.745902233303
0.0881430532136 9 434 8.66233579527 164 0.731447136152
0.0873968748192 7 843 8.72977490421 291 0.727667244237
0.0619666194097 9 320 7.51348057164 545 0.754507004627
0.0749101841218 5 269 7.18925130731 165 0.746653450725
0.0707068872391 9 465 8.63972582154 517 0.74420530862
0.0724779988943 7 473 8.28663700897 377 0.752460160217
0.0625096872491 5 227 8.31506612403 302 0.74599972226
0.0792325349236 8 398 7.41242314317 362 0.749081046972
0.0655721842841 9 995 7.6538784537 262 0.732239158247
0.073864912185 9 699 8.82471893791 458 0.716705043821
0.0661950235197 9 813 8.17414674065 481 0.755997866914
0.08359215754 9 303 7.95697193968 152 0.74192816209
0.063474103312 5 759 8.26554551782 394 0.747487030322
0.0721785080615 7 674 7.28995496838 406 0.737055015203
0.0720244180979 9 812 8.14394804591 399 0.72800436087
0.0672292793203 7 343 8.29403741929 301 0.753411653648
0.0635153406705 8 1094 8.20473216537 169 0.72298506221
0.076236758194 9 597 7.82480516854 330 0.731036964267
0.0639792038772 9 910 7.75514038416 165 0.724715548407
0.0647825204537 8 640 8.48625018434 272 0.730180787142
0.0791538973902 9 326 9.16447792667 232 0.748697629094
0.0714763943631 7 263 8.23252088047 221 0.749200023398
0.0694312778604 9 835 7.76127429604 510 0.722933164815
0.0687040380994 7 1016 8.18582147869 484 0.726368626822
0.0758693578528 5 935 8.10013380469 303 0.73481229393
0.0708950323085 5 1016 9.17908109311 337 0.731770261619
0.0567716921375 7 651 8.77827581262 440 0.741952685872
0.0822916480759 6 1062 8.87426319257 548 0.717386362503
0.0606328297147 8 328 7.99714450026 206 0.751009293686
0.0551788883054 8 506 7.88571637118 346 0.763202010498
0.0591154989209 9 727 9.75162336958 279 0.738872125755
0.0641681999653 6 782 8.00353808473 474 0.749132046913
0.0558843763697 9 722 8.38082329136 374 0.741206198747
0.0818405708824 9 894 8.09530136002 230 0.714131069533
0.0501073272094 7 467 8.33840072612 297 0.761754878325
0.0762065144862 5 424 7.80240926522 546 0.742924625568
0.0679145370965 9 455 8.60992710628 335 0.740254046385
0.0584843567094 9 473 7.68515096759 239 0.748084160572
0.0801445057944 5 781 7.62726601536 248 0.734954259559
0.0561585011995 9 735 7.71166824111 488 0.741952258089
0.0734402764027 5 777 7.56509501806 219 0.730557205576
0.0633233979842 5 886 7.54791753093 253 0.736592307467
0.0722093300471 5 451 8.02013591106 278 0.751708197649
0.089645561693 9 806 8.64751948214 191 0.71648738178
0.0644573037 5 472 8.53107721459 448 0.76569591492
0.0829202171239 5 706 6.83467220465 459 0.74393848905
0.0759860239554 8 954 7.90249140494 412 0.734729279909
0.0677058951128 9 824 8.18017238613 157 0.730344199672
0.0453034869389 7 659 7.5834737029 374 0.745666859482
0.0819766977453 9 469 8.01800649026 449 0.735125382026
0.0732514657322 6 817 7.57417817628 417 0.725265905121
0.0638600929667 6 420 8.11809575205 540 0.744617666777
0.0627981466071 8 376 8.61792919031 200 0.748603582404
0.0628925167897 7 826 9.0774885648 526 0.74676807816
0.0584046164876 9 401 7.8006755674 470 0.754118876033
0.0813263977104 8 484 7.94258248292 423 0.743816103886
0.0622281191852 9 941 7.17189930352 286 0.73168701084
0.0609230848513 7 749 8.88701063884 433 0.763265084805
0.0551549701062 8 348 7.87787718963 345 0.752503234047
0.0756655452583 9 279 8.08474236893 224 0.749939526911
0.0627376949145 5 965 8.78168211861 401 0.742149804856
0.0670082709413 8 342 8.25236683837 492 0.752112965807
0.0740519209216 5 1081 8.65680991223 400 0.74238754496
0.0661257351177 6 209 7.67494040875 364 0.751038201432
0.0648363242042 6 650 8.69771994675 230 0.742279336707
0.0832620178242 9 237 7.68372975087 289 0.748049400579
0.0755649076849 7 547 8.40928967727 266 0.731691861325
0.0569766704399 7 1030 7.60354379595 155 0.739966455421
0.0615736595063 9 1010 7.34191828326 219 0.739129263309
0.0715693168567 7 455 7.89943963005 324 0.749704485838
0.0748059249828 8 834 6.52780604059 178 0.718352069206
0.0646288333575 9 864 8.76426505529 329 0.747611091898
0.0682220304097 5 639 8.339704137 274 0.741968427841
0.0597074032535 7 765 8.41479251787 156 0.735948548721
0.0793627171334 9 607 7.94224813293 480 0.751775832276
0.0767089828385 5 509 9.03253728233 502 0.744469257491
0.0539789595531 8 939 7.67933065422 510 0.74889522477
0.0819848986384 6 914 7.97671308456 266 0.733241603818
0.0770266379905 7 1075 7.90742030494 249 0.723272893631
0.0876369767585 8 983 9.800978533 462 0.710022319092
0.0816313032132 9 913 7.69669053908 344 0.722524621062
0.0775827483115 7 262 8.34921104544 324 0.761782629615
0.0818761740177 9 784 8.46742031321 185 0.729382543473
0.0625782299117 6 811 9.02183583167 241 0.738338611269
0.0616600927582 8 288 8.23259388267 271 0.749412700545
0.0670480407343 7 1083 8.35819022804 397 0.731684589481
0.0660431263375 5 918 7.00088114209 252 0.730820906467
0.067937580289 6 1062 8.44190345629 540 0.740829871407
0.0718646433355 9 585 8.44267452991 523 0.737309229899
0.0800075516135 7 525 8.11164092691 409 0.73771478667
0.0624406998229 9 782 7.93452973777 295 0.737121454144
0.0663312181713 6 1008 8.29810231463 261 0.73157879308
0.0959056339049 5 949 7.59755791666 387 0.71932977625
0.092510617832 7 536 8.60631223248 384 0.71645650153
0.073823801166 7 1031 8.14856497539 393 0.731895767349
0.0691067531357 7 741 8.95669974026 153 0.726957376555
0.0687471262189 8 430 7.61070413219 373 0.752475847247
0.0737820718867 8 639 8.28805639142 541 0.7512634526
0.0677929788851 5 980 8.51853902022 257 0.735768555196
0.0756096472417 9 657 8.58036205021 382 0.732247901992
0.0672987153783 7 424 7.88039261096 434 0.755599760261
0.0654204005317 7 290 7.33556903529 475 0.771723824656
0.0733854305269 6 914 7.37957653026 476 0.724370446938
0.0680192137009 9 268 8.43195016922 441 0.758515490284
0.0699556595877 9 786 7.93753402373 472 0.726820038845
0.0819172699919 5 1029 8.74097008815 164 0.722124350808
0.0830463042358 6 888 7.93955405927 460 0.74170773538
0.048273644384 6 898 7.6597565651 468 0.755597266979
0.0589510031637 7 657 8.94723168607 511 0.739370834852
0.0609825858878 7 754 9.04138278333 282 0.737405128708
0.0586431538424 7 1078 8.64320299593 507 0.743380005721
0.0731970572029 5 988 8.09775709948 415 0.7446729885
0.0656484230132 7 446 8.73260572493 517 0.756210163925
0.0951491085966 9 497 8.31090564761 193 0.729833004967
0.0859869354383 9 885 8.46164571748 314 0.699962788137
0.0551264798209 8 1005 8.26030652934 467 0.746007711861
0.060449859321 5 214 8.39836561916 395 0.750550516382
0.0742692340318 5 392 7.32121041666 370 0.748465709753
0.0669167332389 7 203 7.53702775774 158 0.764323316294
0.0824352743116 9 287 8.29253164872 474 0.769732355716
0.0571373702279 6 754 8.74073890921 171 0.740247031284
0.0624490433784 5 350 8.68407145973 521 0.748780261984
0.0703792538049 9 683 8.36465025723 240 0.739808134853
0.07117019806 5 620 8.09876530535 540 0.745591229965
0.081238178567 7 1083 8.25038429276 255 0.708812010684
0.0665456024695 9 478 8.21146618984 428 0.746605602183
0.0772936558094 5 873 7.98461434867 154 0.725713625043
0.067601207989 6 496 7.76133783697 191 0.737083903828
0.0773896732115 5 612 8.73342952004 517 0.737845586645
0.0550575983709 8 425 8.45503976266 265 0.767241891005
0.0753043847523 7 456 7.99038518853 289 0.759200889076
0.0684071977563 7 350 8.23126393809 300 0.763426437642
0.0662216589868 7 498 7.26461151251 507 0.741344236047
0.0791493958811 7 763 8.73991651684 324 0.72690571253
0.0845286371511 6 863 9.15340477245 357 0.738348857959
0.082085025137 8 322 7.35276688899 461 0.743952639413
0.0645685321001 6 682 8.24206259991 491 0.748749937417
0.0519071041714 8 942 8.11835970615 538 0.744718309304
0.0647456645041 8 457 7.38931831931 211 0.746659539489
0.0628824741924 9 1080 7.88069744458 540 0.732983137263
0.0791930094787 8 836 8.69796146861 259 0.721001801122
0.0591968147513 9 666 7.51633706496 420 0.74339616915
0.0712144746806 7 1030 8.60626792783 243 0.732934260529
0.0745239451154 6 610 7.1541104953 367 0.745650327795
0.0681853840019 9 705 6.72844927929 257 0.737151661268
0.0627737889798 6 967 8.52698401198 282 0.741989484151
0.0717754746409 8 793 6.96321019726 480 0.736368281996
0.0715507692366 5 1055 6.95087104576 295 0.73549328902
0.077365411002 7 601 6.24484601942 470 0.743831429576
0.0685289514474 6 496 6.58659837649 459 0.745120325023
0.0592852441122 6 933 6.1759124893 323 0.739399511957
0.0720250868671 7 318 6.75634111784 347 0.746300625019
0.0642513279407 7 1038 6.75776260546 330 0.742772409839
0.0730711739708 8 733 6.65870254718 523 0.722412304245
0.0753735800607 8 826 6.23246493325 219 0.734044022881
0.074624713011 9 1045 6.99546703104 291 0.71062963696
0.0735141385554 6 783 7.45761702799 333 0.738457000944
0.0764889708268 7 901 7.96128824778 516 0.718789291262
0.0611813458841 9 1068 7.87743881696 423 0.733991377243
0.0644774296866 8 1019 6.71465863274 514 0.738033178127
0.0631926701269 6 994 7.47438857368 458 0.743591900204
0.0582368300362 5 388 6.91212876892 307 0.757437468854
0.0691918975346 6 572 7.40685622761 398 0.743577623897
0.0836476901394 9 807 7.06060493857 321 0.710135758025
0.0571825224111 6 728 7.33368589518 223 0.742108443357
0.0578802023872 8 711 8.29562627688 356 0.737327621556
0.0572974893483 8 607 7.76495386715 256 0.751621470014
0.0856851619264 5 742 7.82141883577 231 0.720635115105
0.0608384789681 6 436 7.51694320582 535 0.757924850079
0.0793008994047 9 378 7.8984481074 282 0.749683047993
0.0638548945093 8 798 7.60169787552 493 0.738631817578
0.0665792145582 8 383 7.97474488252 462 0.747972426661
0.0742408052239 7 1056 6.88784609893 210 0.727760985321
0.0766850685824 6 379 7.414959284 207 0.744713688418
0.0725391875054 7 594 7.56875337216 449 0.753887299929
0.084716019165 6 546 8.0561454621 169 0.734838699776
0.0635648521236 5 210 7.18687649041 432 0.74285201812
0.0631223634321 8 366 7.84926687211 344 0.746772233379
0.0849548745423 9 1084 6.26624942381 173 0.701906728647
0.0608089782513 8 922 7.62041342857 485 0.742179440354
0.0730126351243 6 367 6.80138125979 529 0.742646015556
0.0507846637824 7 323 8.43856440369 252 0.74651240577
0.0741035812231 5 533 7.1118337148 219 0.735241460496
0.0613540077839 6 903 7.06751679357 255 0.735069047983
0.0770062340492 9 732 7.08946088791 420 0.738563252375
0.0593824035328 5 598 6.93536160908 246 0.742374112832
0.0675438968941 6 1069 7.28489409772 273 0.722467813503
0.068504989564 6 330 6.52879515924 435 0.750285474907
0.0505712639797 8 834 7.3529337615 465 0.746038174214
0.0731854261056 7 861 7.07179846956 321 0.73638191776
0.0579642112211 5 389 8.11384588534 487 0.758499909983
0.0624863299576 7 304 7.64864308551 182 0.759635127594
0.0628776497489 9 1056 6.85686317926 438 0.730593617494
0.0530833026321 9 275 7.28244760204 167 0.772972383265
0.0571807557596 9 417 6.68345174282 199 0.748174814245
0.0593768323555 5 472 7.27811106234 276 0.750655274484
0.0507944079697 7 418 6.62974961344 270 0.762892163764
0.0564520362114 6 644 7.41804086858 452 0.74997815766
0.0421280775665 5 992 6.99649585165 474 0.771766065532
0.0486757502322 8 449 7.58369685878 284 0.76024854671
0.0458558612286 7 913 6.72499213606 390 0.754069983795
0.032579381179 7 314 8.38345413822 169 0.757385650004
0.0515739596808 8 664 8.83135334221 153 0.7437299037
0.041970867719 8 239 6.65061825175 351 0.75858449309
0.0557473772915 8 617 7.34445887622 251 0.749822092073
0.0634000721247 9 558 7.12297925625 231 0.753049080692
0.0485950005972 5 227 7.08284815956 240 0.738241961899
0.0476735108584 6 814 7.90270675754 214 0.747966249187
0.0591497826301 6 876 7.22166080765 320 0.757746789887
0.0658511230609 5 956 7.37079382005 298 0.740875562759
0.0384507831322 8 710 7.62269811006 229 0.750362971039
0.041299883957 9 470 6.71236658109 217 0.757856537235
0.0520409459181 8 964 6.29017492138 225 0.755376648978
0.0545658285001 8 971 7.73548034195 502 0.737978423557
0.0492950493557 8 643 7.37215307931 341 0.753328420058
0.0582899263122 8 253 7.10483327718 481 0.765702135618
0.046238454402 6 555 6.88209705367 290 0.76491930443
0.0577522717659 5 970 6.51099335292 396 0.738726840395
0.0401760937343 8 972 7.13654204915 362 0.760724010025
0.0490480992726 7 895 6.95767465243 480 0.758430505847
0.0550920790108 7 501 7.62628563983 412 0.746016223129
0.0634109663975 9 542 7.48263014458 178 0.745029523246
0.0509425751974 9 1094 6.4356074766 339 0.741484584637
0.0629350138064 9 255 7.72339987694 493 0.753193540266
0.0648359852336 9 1016 7.0243991419 357 0.730281982161
0.0639569013243 7 1057 6.14010892169 415 0.738641464877
0.0479737348556 8 718 7.49759371342 195 0.739056405423
0.0614611916534 5 1051 7.69865111563 211 0.744223668382
0.0622330079693 5 623 8.34766761886 189 0.751330337811
0.0632309016617 7 322 7.2969414449 431 0.754834949725
0.0672073823837 8 982 7.2702350134 506 0.738317269964
0.0494563169904 7 633 7.18708874833 344 0.761470313801
0.0479880166759 9 421 8.14618692749 496 0.76375379697
0.0311808132134 6 1052 6.81617297345 409 0.753107377742
0.0513436198793 8 265 7.2491115911 534 0.763226471868
0.0559028864865 9 307 6.67689867554 220 0.753642464591
0.0348240121827 7 954 7.08970890392 266 0.751175604714
0.046852627609 8 341 7.71743430321 231 0.758450572854
0.0416655426146 9 393 7.27853957539 507 0.762040443763
0.0534036782277 7 257 7.62152228353 184 0.755384552307
0.0472101899466 8 724 6.74173536799 458 0.75475648027
0.0392745524437 6 337 8.13685870664 312 0.75702342369
0.0629339830045 9 723 7.47793750085 349 0.734895331012
0.042400633037 8 406 7.8209171382 161 0.755261302104
0.0485351682054 7 270 6.71516029213 177 0.757641867705
0.0495619681798 7 253 7.1430132826 178 0.751312266396
0.0596045208215 8 285 6.92250532521 195 0.760198718153
0.0599983341791 5 311 6.92036496128 177 0.750198756553
0.0652242674995 4 270 8.01925750408 183 