 
0.0792922071246 9 506 8.249080492 286 0.741925183491
0.0674124790512 8 766 6.32268551478 402 0.736744816176
0.0739761914702 8 226 7.37752653633 455 0.751102359001
0.0702863671918 7 916 5.91802433616 159 0.721780987111
0.0663310631201 8 368 3.14087249358 260 0.746556312736
0.0991776532654 6 340 2.63409602898 464 0.74192335016
0.0966314573455 5 442 9.73559793513 317 0.752910744104
0.0829735764582 5 975 6.5775404646 501 0.722564438638
0.0814816280307 8 231 2.50621402716 308 0.733791803701
0.0613802057421 9 203 2.44147530696 284 0.763279019665
0.0974276646862 8 563 1.03239956291 425 0.720374059982
0.0845685562417 5 431 3.64032184686 192 0.74189399821
0.0852385218194 6 706 9.51447665908 485 0.730200360625
0.0769191684441 8 309 2.87369046356 223 0.750292263957
0.0981394394186 9 604 3.87029668856 508 0.737436373771
0.0694053337425 6 633 8.49815097023 508 0.744641349901
0.0756833128343 8 293 0.632987020736 433 0.752190158613
0.0910083259207 9 758 8.90201522201 288 0.712495910224
0.0836477481982 7 585 9.41625145638 537 0.743767965806
0.0812360679752 7 367 8.69249853834 213 0.756599123169
0.0757995883357 8 781 7.37886926755 251 0.733076776656
0.0983422658723 8 376 2.06240633658 395 0.733178331734
0.0746492618681 9 711 1.55318187689 202 0.734002053196
0.0944226852224 8 935 0.712338777093 403 0.709702839183
0.0864626871623 8 938 1.39343128069 456 0.716862101213
0.0847339611997 5 690 9.54166207279 448 0.729108118035
0.0804074685684 8 474 5.87197624193 173 0.727516101806
0.0613586510298 5 364 7.30015744721 238 0.75470343224
0.0822957506007 5 318 2.40338986567 381 0.739276648766
0.0752658234977 7 879 7.11383688035 162 0.724205496449
0.0998436676985 6 361 7.84142708725 461 0.737738937216
0.0935050602579 6 556 3.75163775089 428 0.733590684471
0.0638681341361 6 438 1.73332325291 197 0.750826110062
0.0772421943536 5 552 9.51762972392 458 0.727256971061
0.0773160200642 6 955 8.61402883269 265 0.736367381042
0.0758948298276 6 733 2.66045247958 529 0.735926178871
0.0952964051208 9 760 1.52842017522 351 0.704750554036
0.0981456494999 6 730 0.517062792521 383 0.72335983713
0.0862868931944 6 1026 6.70035522692 268 0.717717200398
0.0758744376814 8 1047 6.93592279515 152 0.700245543342
0.0612719174715 8 1094 0.507604560383 284 0.730015870378
0.065508809564 5 889 7.33736442645 491 0.739519992585
0.0608306867923 7 449 8.68045450677 350 0.75998394234
0.0690419277317 5 427 5.97647177564 503 0.749785243229
0.0928032372356 9 237 0.78014286846 397 0.741476177992
0.0923887725817 9 1100 1.62966551019 382 0.70149373787
0.0772263732773 6 225 7.90022566863 175 0.741821096806
0.0884240293094 7 680 1.23075263986 160 0.720311949361
0.0975538809742 5 365 7.96671138147 390 0.743621302704
0.0965529467389 9 920 7.94414619084 541 0.700022475103
0.0739154694552 6 931 8.26787644405 550 0.751714585077
0.0767760659403 7 856 0.940640291454 504 0.733327653677
0.0886178469818 7 939 5.95386773681 212 0.71131692068
0.0699495010898 9 219 8.29103196772 401 0.760801903282
0.0897166051259 6 822 4.65816005838 246 0.724859650795
0.099004409493 8 945 9.34591123789 211 0.69831576604
0.0963932919154 6 817 5.50034826947 538 0.723508712306
0.0816815053768 7 983 4.74656265035 213 0.704140041427
0.0788496694243 6 920 8.69392680284 508 0.731993683843
0.0722496693411 9 1064 1.98244091493 218 0.71269679844
0.074289282818 9 760 4.66807490067 156 0.719494132454
0.0814477814502 8 951 8.0542807798 305 0.721843641987
0.0951023549081 7 200 8.87965899097 325 0.753119874736
0.068932057023 6 276 4.23031033519 167 0.759064224033
0.0964251616218 9 831 0.808008149192 401 0.708100782742
0.0675663718875 8 745 5.04820053928 442 0.741331700496
0.0846375639017 9 854 2.87616224802 441 0.720511070379
0.0717284886967 5 849 3.90173875799 506 0.731839231078
0.0634294232028 6 478 6.62720418286 361 0.757886989076
0.0879914185294 5 323 3.39392417553 532 0.751468221969
0.0895047746849 9 477 4.83548729129 305 0.735782821382
0.0743739282516 9 936 4.260651632 509 0.725519865688
0.0826695566847 7 366 0.782269066897 451 0.746892595909
0.0718634906844 6 533 6.54630917611 535 0.742343746091
0.0887491139511 5 245 2.93905174401 404 0.751384670443
0.0752695630562 5 688 9.48380784432 284 0.746975232108
0.076553962488 7 738 0.620510097004 445 0.733298785127
0.0849641682954 7 1019 4.75139017804 497 0.718885821907
0.0851337730068 9 622 6.63576928301 340 0.721671733773
0.0851516601126 9 611 9.68356247042 337 0.708477725892
0.0732727632212 9 491 8.80250986711 379 0.746153825667
0.0743200938307 8 688 6.33024442696 328 0.74446900989
0.061663820647 5 848 5.79370347704 500 0.752311925191
0.0627150223217 9 373 3.79556858057 520 0.750160657514
0.0668492146768 6 353 5.50857125769 392 0.75045320312
0.0962246851537 5 539 5.99455442093 183 0.734333579581
0.0939892340808 5 928 1.64745583735 246 0.736404639041
0.0807895177378 5 420 8.18621541095 496 0.759318193522
0.0978075868356 9 762 8.8885892845 502 0.710029575642
0.0648296938965 5 276 1.95864379947 346 0.750405707898
0.0675199036119 9 279 4.42528919387 545 0.760833248201
0.0903345634828 5 397 3.02048271911 415 0.733182676703
0.0741903064801 5 207 5.85736357362 385 0.748457315951
0.099763548827 8 646 9.12985495839 372 0.72907858069
0.0700398023286 8 252 6.51186398299 292 0.751649294002
0.0962818073951 7 521 5.09981624251 313 0.732877676966
0.0957696460223 8 499 9.8649683679 155 0.723772666206
0.0870184756018 5 1025 8.81521779795 301 0.723856920251
0.0757105235792 5 1026 4.76760173007 548 0.742311723194
0.0746897125082 6 333 4.83026864153 292 0.746197872444
0.0813944062634 9 381 9.3987260542 480 0.744218014714
0.0819830792225 9 977 6.00189319981 463 0.726521412304
0.0698230164522 7 362 7.36242172216 475 0.744183927188
0.0609581544853 9 461 5.73696250655 520 0.744535101629
0.0633528361871 7 979 4.4674544592 282 0.740350371671
0.0669459919638 5 354 8.73587408749 541 0.757365058778
0.0814690282808 5 663 6.87496233827 229 0.736422658293
0.0656637103282 9 367 3.6330748253 155 0.753597471363
0.0743805126899 6 253 7.15085912567 234 0.739560216706
0.0711593872232 9 710 6.74324923293 474 0.738508229934
0.0682608882391 8 998 6.32037657053 195 0.718891249277
0.0690989885694 7 237 0.670632596814 321 0.75091714871
0.0615842283849 6 974 1.29592733466 542 0.744844417264
0.0816143496397 7 453 3.4206297827 399 0.745748224623
0.0916879292614 7 240 8.92696167581 389 0.745318067701
0.0952198537584 7 562 1.38771772177 550 0.720577331324
0.0627012624584 9 937 7.06902620433 297 0.737407442878
0.0870774940723 9 780 3.9695875938 369 0.714210801821
0.0879264099503 5 630 8.85802877234 324 0.74132988406
0.0970241899421 5 967 0.95772157304 464 0.731296911005
0.0854680727814 8 436 8.37380653101 505 0.733615628291
0.0877340065221 8 880 1.08869608751 342 0.719993971979
0.0918069487335 8 244 4.32965919983 498 0.744595245634
0.0865873767559 8 602 2.13405442877 166 0.73483248573
0.0933276757024 7 1061 0.740567949148 202 0.709786956643
0.0820577416454 5 715 2.01402005286 390 0.746216216492
0.0884580063286 8 968 1.60043516466 293 0.719690507796
0.0925827466738 5 728 3.69719115003 346 0.729565639733
0.0815304392654 8 729 5.70718179316 390 0.735366152664
0.0928908756221 8 317 5.69508727066 276 0.733659164655
0.0947585713393 6 553 3.80308393562 464 0.736383329903
0.0887152685248 5 530 1.4107996542 514 0.737395004664
0.0642894671765 6 454 3.87723028485 163 0.751911042948
0.0873056547908 8 439 9.33123726319 536 0.756858482858
0.0699369593198 6 698 4.0318548375 512 0.747065599915
0.0834317262288 8 235 8.95085219448 547 0.753996749123
0.0624671325773 5 789 7.49478709682 453 0.743605219166
0.0860407591782 6 379 6.1320694787 539 0.743199563039
0.0864203311839 9 356 7.63395529477 173 0.735805089351
0.074384997588 5 552 6.61161703735 331 0.746501569363
0.0996292656597 6 880 3.78745895216 353 0.726354850492
0.0853361450423 8 434 7.30690689216 548 0.743783399636
0.0860253907561 6 308 5.43892623163 485 0.755565012997
0.0917856676139 6 741 2.93187691465 359 0.734116733376
0.0812933057651 7 209 4.98090224042 330 0.750090785727
0.0819009012795 6 426 1.32512243011 285 0.75452130778
0.0728287984474 6 509 9.25316611631 368 0.742561473048
0.0955704468772 6 274 9.78984463329 334 0.74850991491
0.0666292198366 5 354 8.23051703682 514 0.760224531215
0.0775208838679 7 267 3.13397696881 550 0.762878333343
0.0957114907828 5 1033 7.96950506689 308 0.733777273558
0.0773695393533 9 941 5.92531433643 369 0.720624743665
0.0706242495791 8 750 1.95697707825 517 0.733406626683
0.0750787684374 8 797 9.46606173664 271 0.729836717494
0.0753853065156 7 563 1.68497789978 377 0.753015947419
0.0731380621789 8 687 1.49940533 222 0.738256907709
0.0662879322418 8 1030 5.42879490412 153 0.726801592698
0.0938952636646 9 390 4.89861032817 189 0.735574900605
0.0676725518444 8 402 0.80556783172 310 0.753458479741
0.0762948003268 6 561 6.31448696652 151 0.730832118515
0.0696477497315 9 411 3.09229445832 245 0.75550283846
0.0894383586641 5 629 4.64627861129 538 0.738642301492
0.0775356056053 5 648 4.44298618082 495 0.743757092203
0.0867627283914 5 657 4.61778385767 446 0.733946274833
0.0719363899533 5 207 9.89775031939 213 0.745923006346
0.0956422988548 7 1066 2.0560308102 193 0.721873957776
0.061021991116 7 409 5.91995069581 411 0.751322034066
0.0636239802433 9 401 8.95920626402 185 0.75469154911
0.0868454675837 6 612 8.09301457283 429 0.728773771492
0.0842101476114 9 638 8.0597170303 245 0.728619361165
0.0956377357668 9 1084 3.16662864381 325 0.696857798525
0.0970918282764 7 658 5.50065860859 159 0.732084420679
0.0950204548781 9 313 2.377808274 380 0.737934161267
0.0995413313702 7 424 7.85549767301 296 0.725920977565
0.0632731885229 6 836 9.1172057991 262 0.738760257995
0.0784177298512 7 478 5.19060696502 312 0.740844452203
0.0871858941144 7 877 1.65316933636 151 0.726954837076
0.068859940719 6 966 4.61052276308 370 0.741060382539
0.0969276072268 8 604 5.32757745429 508 0.734874952484
0.0817946414792 7 263 2.01860166178 194 0.758389073105
0.0888970759087 8 571 5.20380841527 531 0.731737729847
0.0797657662273 7 203 1.25010684554 487 0.755776116961
0.065413758295 5 391 4.87534007425 207 0.747793649218
0.0846555721505 8 811 2.56903257783 534 0.715185101877
0.0785622286251 6 781 1.13417714546 379 0.729526353733
0.0771515679754 5 499 8.91687529323 473 0.734125622151
0.0749570666182 5 1063 3.639724921 541 0.7281310098
0.0813035154699 9 433 2.70630907173 512 0.749046575383
0.0691665746438 5 833 1.35306034479 542 0.743004248816
0.0642899084915 8 269 4.31195530281 407 0.760540267992
0.0834412368453 8 225 8.30982901615 356 0.754741191586
0.0606359426105 9 523 3.09129035492 413 0.737280977547
0.0793351454031 9 805 8.24284559394 479 0.734212399498
0.0638779296882 6 854 2.71629990871 156 0.744341656137
0.0763355560293 5 835 5.93319250328 245 0.742504661023
0.0738197120471 5 980 1.22020608275 437 0.737180063978
0.0724992591889 9 566 5.37800876161 180 0.728140719201
0.0933611751565 7 482 8.23350988048 498 0.726990864347
0.071609183491 6 1018 6.63252606457 357 0.725552008795
0.080503681871 5 741 9.48354076732 194 0.746067290633
0.0674285665758 8 892 7.38387796638 438 0.734754513669
0.067872186535 7 790 7.17009608821 472 0.745133368442
0.0630714514296 7 275 6.75464921585 398 0.752680134043
0.0950750217033 8 583 1.3664491538 292 0.715555811816
0.0753690800774 9 873 6.29084172672 204 0.730066062762
0.069213460859 7 447 4.3821554573 245 0.749996059509
0.0777420485821 8 720 4.79895641673 201 0.728514482708
0.070736598428 7 1078 8.0130875385 404 0.724131258856
0.0801682961439 5 647 3.45410689694 313 0.7324961643
0.0669387400515 6 206 6.7751388839 378 0.756937953088
0.0704310768685 8 363 5.64953966215 343 0.755776554163
0.069739522786 6 730 7.19325161844 299 0.73310525031
0.0898195226363 7 810 7.51107482105 465 0.71987285615
0.0871938733604 8 398 6.49619207986 448 0.733469860711
0.0968062097453 7 632 7.91239667329 337 0.723094938623
0.0608996675293 5 480 8.64526486981 476 0.759314734177
0.0794075286571 6 952 2.37789199511 236 0.73046324246
0.0745793422603 9 528 7.51939520855 186 0.740176270496
0.0864838977741 7 622 9.39024838514 435 0.737788595676
0.0671679027679 8 1007 5.78045211958 291 0.730918273374
0.0966057618483 9 695 3.60993527567 432 0.709084792945
0.0844154234255 5 1012 3.9937564671 329 0.738318291236
0.0969332894854 5 714 9.38891187444 415 0.732903970099
0.0660101061093 5 838 5.90497366317 400 0.736190435969
0.0649026989005 9 1084 5.43365732807 419 0.728942089884
0.0866266338656 7 1041 5.39488218076 334 0.716237933545
0.0658005412334 6 700 4.16225970022 346 0.738207718119
0.0973664728445 9 966 5.93033405246 208 0.699216690219
0.0863525273033 5 338 6.46957325963 310 0.748490521665
0.0951031669929 9 546 9.16703913715 276 0.733095509154
0.0863080770521 6 842 9.16939354991 360 0.730608387163
0.0693738312889 8 921 3.0234151156 531 0.734043887192
0.0934828044717 9 237 6.19213143145 295 0.738552181601
0.083823295154 7 976 0.788320272404 523 0.722007979797
0.0652154418546 7 398 8.10302435741 380 0.759813745983
0.0924925787694 5 296 7.69166647101 421 0.740228037402
0.0753232315037 7 1056 0.864525900424 272 0.719336364856
0.0891447878282 6 817 6.64408102073 181 0.726495962197
0.0600698806549 6 775 5.53516910684 447 0.750093549055
0.0974495406101 6 1066 4.77324202581 167 0.697918193259
0.0778760792694 5 420 6.94657334243 375 0.74950715219
0.0665203628166 5 229 2.05037285618 429 0.746687137931
0.0644149441313 6 960 3.93356849487 436 0.744234214463
0.0978206960208 8 873 8.54048475065 266 0.696195022659
0.0623020462352 8 346 4.23310578738 359 0.754605217548
0.0738960060854 5 844 7.26158783857 374 0.736801741026
0.0830891677363 5 904 8.67674672066 477 0.730647549483
0.0978687288179 7 1062 8.42589534598 169 0.705306990279
0.0927922001776 8 395 4.98664329505 320 0.73114435247
0.0786641652475 9 477 2.7372185239 200 0.738550530526
0.0816378666227 9 276 5.90071664991 312 0.747465803595
0.0675324101227 7 568 9.7926604592 524 0.746046593473
0.0958831193493 8 567 3.60313134063 315 0.718020542425
0.0997993997103 8 690 3.50613197916 369 0.719589652248
0.0922889349404 5 977 4.07375344421 347 0.726463455152
0.0912402705165 5 840 4.57035610791 166 0.723519870267
0.0920504333371 7 204 6.00286201549 454 0.747426661125
0.0923604524298 8 839 1.53377749667 327 0.732559013082
0.0941497948466 5 994 1.98870851138 212 0.702986981889
0.0999613433874 9 822 9.85401544882 431 0.704293821743
0.0933939714632 6 1014 9.23205609392 287 0.717558159603
0.0668542729953 9 975 6.7290110023 342 0.736875678972
0.0726340518319 7 284 9.94781838964 190 0.745896704759
0.0861621462661 6 372 9.41274833082 290 0.738167056105
0.0737667571178 7 797 6.38123463181 157 0.729342283804
0.0804478722221 8 372 0.693875013093 300 0.749030546056
0.0966471830374 6 622 3.3895295641 448 0.726096544566
0.0917018626711 6 710 1.38961295433 419 0.728825243979
0.091702999357 5 639 7.60886750928 489 0.721585113522
0.0612567814481 8 605 2.54277068925 179 0.744297751056
0.0908542118643 9 1030 8.70487258074 478 0.701701592249
0.0843961892489 5 841 4.73760618582 227 0.724024059695
0.0860892331563 9 860 6.05226339792 366 0.727762133512
0.0935645376154 5 611 4.7950735324 341 0.74334142334
0.0696815891069 9 957 8.02949093419 432 0.730562865231
0.0943439642612 6 540 1.47927849178 164 0.71336432946
0.0853520083709 6 549 6.05238823577 537 0.749489797428
0.0859484822063 6 561 2.83674295051 417 0.73489202965
0.094641005861 9 707 3.35796585933 278 0.713711037137
0.0989329104642 5 212 4.44664624654 547 0.743776020305
0.0646139028036 6 348 2.20196377356 195 0.757152637099
0.0709119614616 5 982 1.64520987881 512 0.73625973253
0.0683462669944 7 1080 3.79623661441 289 0.728679636502
0.0633809723503 8 467 4.25320835821 231 0.745886016208
0.085203450657 8 731 7.3009031584 480 0.724221751973
0.0864600175498 7 392 5.58724429052 248 0.747376604647
0.0633184817895 8 638 7.63139989128 376 0.740715217001
0.0748396540541 5 303 3.83150023098 345 0.753446818731
0.0730179422047 8 512 1.63741065172 183 0.731310481765
0.0954183947035 5 690 8.1421715019 542 0.725152535037
0.089553216328 6 484 4.37716883797 385 0.737326467004
0.0755671955559 5 346 9.65819884127 256 0.742114067637
0.0941152324784 7 648 3.07281587386 358 0.726148842547
0.0906892110861 9 805 6.74183771898 535 0.720138983046
0.0737099589464 9 462 4.78263884358 334 0.746780098721
0.0786058505701 9 1065 6.98472704648 187 0.717807524096
0.0827770193582 6 1070 7.63421806163 371 0.716419492325
0.0823109602404 7 894 8.71388473217 460 0.714824084587
0.0630011680636 8 232 5.01280647411 185 0.759160471876
0.0835233748985 7 596 5.17993084162 311 0.735202398601
0.0885350338657 8 966 7.15742307825 278 0.715027295597
0.0825353949243 6 770 8.3042001083 235 0.735714779351
0.0739173398198 7 1041 4.65321167894 197 0.727435712952
0.085438851752 6 962 5.18221260622 500 0.726460917766
0.0627833694563 8 456 8.09456472215 525 0.752904794252
0.0907761908701 5 1022 5.72283585541 507 0.717946521826
0.0895545235753 8 556 1.49506064729 295 0.728069732707
0.0892943502373 8 683 6.81547024009 290 0.722099159111
0.0651321555459 5 1002 4.48943398169 192 0.744266248841
0.07477763685 5 579 6.14033017465 347 0.742659980382
0.0714379561804 5 831 1.05923736792 340 0.740086938199
0.0984720297595 9 580 4.67599760407 512 0.729386429006
0.0896063649262 8 1073 9.29682463771 544 0.699097003756
0.0685309736092 7 790 6.15940778939 339 0.740178871274
0.0965628339426 6 231 9.71555961548 176 0.748096047517
0.0608156113095 5 842 0.602322872312 494 0.749562999245
0.0676357626213 9 948 4.41842088495 545 0.735782691207
0.09260066414 5 384 6.27222139811 226 0.739179104593
0.0880201675216 7 558 3.25292375553 385 0.732213415245
0.0970285406122 7 993 8.16999503579 461 0.70222687136
0.0807941186376 6 860 8.82973382792 440 0.7278861598
0.0826788274908 6 765 5.83666106056 196 0.740222476186
0.0963733761745 8 362 7.92562736334 430 0.747465755497
0.0703901826014 9 339 5.44832215692 485 0.767384127178
0.0856569736403 8 218 2.67414602187 176 0.745391564219
0.0673402104434 9 718 8.69481993996 498 0.738985866099
0.0691521354545 5 531 2.76170447587 193 0.745075595972
0.0735825896816 6 450 4.03033318468 491 0.745390589564
0.082973479827 8 889 5.91082697992 495 0.724158943194
0.0615531089101 8 905 3.5632428042 471 0.738753631225
0.094747558264 8 766 3.25745833347 238 0.715288646925
0.0785638478013 6 469 1.44284106682 272 0.739559538004
0.0794497654952 8 756 2.56200560349 439 0.72141427593
0.0621871270385 8 506 8.87906835195 213 0.74643326615
0.088766867549 6 543 9.25490362859 521 0.725336899377
0.0989914324986 6 1019 5.18329151361 543 0.709865396556
0.0721583802988 8 237 2.75017199415 540 0.740434293238
0.0871437583947 8 718 2.64898422744 378 0.731585768074
0.0757188853045 9 808 6.52318193267 464 0.71922855241
0.0973299461796 6 586 3.92181683755 164 0.728388461479
0.0790554889873 8 236 4.60023895755 452 0.754224167192
0.0640539668087 8 206 1.79330780605 330 0.756921284686
0.0828721178529 5 996 0.570642318837 529 0.725280942859
0.0851499188666 6 931 6.06557914567 423 0.728388206888
0.0717074875397 8 996 4.88169398102 503 0.755096314089
0.0618568892133 7 572 7.31005757995 319 0.755920669616
0.0918466596179 6 1086 4.63251078815 204 0.717595936422
0.0902203362023 8 784 7.59479892711 381 0.708734639185
0.0815550055635 9 504 4.40891548253 424 0.734766218776
0.0705652512589 8 848 1.55485741893 512 0.733566462367
0.0839428882789 8 843 3.7758449153 492 0.711012697141
0.0992496973028 5 694 3.57480235263 311 0.724703620402
0.0772457824008 8 873 2.51503710895 303 0.719072752115
0.0857912175943 6 927 7.20139063491 343 0.738497004993
0.0686555382578 9 536 8.52919212251 158 0.739386763225
0.0905684701269 8 935 9.3532117283 227 0.719820169117
0.0656588489871 9 383 9.71087235884 309 0.753642276251
0.0911364471581 7 958 2.07460784285 244 0.718968000049
0.0761748867747 9 425 1.79823867572 523 0.742425333904
0.0944255415386 6 359 6.00627391098 356 0.743013559735
0.0886354225703 9 819 0.675810606559 460 0.710283015338
0.0870031963456 9 807 5.305447356 529 0.710685082402
0.0655030904662 7 1031 4.92867129907 340 0.728274210483
0.0611283310393 8 678 6.64831180852 215 0.749188385106
0.0909931747074 9 304 3.18701236873 460 0.748400978959
0.0844647289568 9 785 9.86153327173 514 0.720080339878
0.0984393416021 7 390 9.74652731942 267 0.744332883522
0.0602324043218 6 370 8.31514603173 511 0.749015720668
0.0709415612771 8 1046 2.14646236369 410 0.71405287126
0.0697679666757 9 1061 1.240050755 201 0.707495217664
0.0795029280377 8 1070 9.68156271566 434 0.714580646597
0.0822427907082 8 528 8.2021652043 519 0.735064937711
0.0621336334867 5 758 3.87207503154 338 0.746369162123
0.0731199241796 6 978 2.41381432732 233 0.73200575584
0.0626338758528 5 1014 6.73721177173 238 0.739629654521
0.0957501606349 9 345 2.53285898748 288 0.732556005132
0.065284640171 5 438 4.81200168573 497 0.751867501684
0.0964860262321 7 247 8.85691345674 398 0.749131153772
0.0732336188071 7 453 9.84381803348 301 0.752212807682
0.06494657376 6 219 2.06126480932 158 0.749031729215
0.0694561888057 7 753 4.41414347857 477 0.736442528151
0.0979686121146 5 653 1.58715535934 471 0.740868467944
0.0988490366819 8 783 9.54387010792 429 0.703064769946
0.0631056354818 9 311 0.55872431106 493 0.761862044668
0.0935894219146 7 223 7.50108146101 248 0.741260748681
0.0862837282468 5 1002 5.88547069102 549 0.720216231789
0.082690672893 6 871 6.11894381068 244 0.727875957255
0.062479550774 7 356 8.67156841253 394 0.749604428897
0.0873841735016 5 234 9.83284816823 269 0.7356492811
0.0955956837449 8 1031 4.3104001628 168 0.699398264332
0.072481271306 8 305 5.04107309751 411 0.746441579077
0.0950898418757 8 738 6.86515845756 434 0.734051559404
0.0827139697048 7 965 6.28730130384 245 0.718903302847
0.0974478120713 7 928 3.03586431564 259 0.707142512125
0.0948111544535 5 309 6.68385886687 350 0.750028910898
0.0998828172562 8 726 3.64178915546 519 0.709916558507
0.0808082071606 6 991 6.77818231858 326 0.73256735842
0.0742590791635 8 592 6.32814792154 302 0.732502869428
0.0829149856572 7 214 2.28970187892 179 0.7528200982
0.0802816910803 8 496 1.36617965631 359 0.736947004237
0.0851302099208 7 789 7.4603884276 520 0.722728533354
0.0626561427533 5 553 1.95340308097 176 0.75011869673
0.0688143644856 6 1007 9.33619121078 194 0.737137341429
0.0770533636279 9 976 8.93758520902 324 0.721914106529
0.0754867898582 9 590 4.72734091443 194 0.738579910024
0.0717019010182 6 450 7.40099708731 537 0.755194605239
0.0768809855733 6 486 7.4188301642 482 0.744792889951
0.0646228977651 8 457 1.7002248348 296 0.752113667022
0.0722741566959 6 834 1.25993352987 337 0.741175087524
0.0921031727685 5 215 6.53118846935 367 0.749063333096
0.0886886207615 8 287 8.49451384268 507 0.748550416469
0.0762405408476 7 475 3.02550590186 179 0.741780197266
0.0977991844676 6 852 1.46402848239 303 0.712240934072
0.0865052241744 7 969 3.05477041577 380 0.69681250036
0.0622186833371 5 312 2.85907534033 152 0.758089060515
0.0707865755535 5 355 0.840024554862 307 0.746429014776
0.0699866007358 9 313 1.06235631898 518 0.740555361721
0.0992515615088 9 670 3.34478997954 175 0.714803061437
0.0858392318406 6 1032 3.25724174338 330 0.720880187015
0.0823850934363 6 463 5.6215868508 475 0.749005266104
0.0991456763706 7 457 4.48174622965 173 0.727725377887
0.074306178315 9 442 6.90918090731 329 0.752962719887
0.0699481721871 6 972 8.20400688204 455 0.740352931659
0.0991518574019 9 954 6.47665723267 380 0.69618055692
0.060274350498 7 735 6.96462908007 543 0.728369294111
0.0897707711079 6 794 7.30027237199 295 0.724312226694
0.0764899703463 7 446 5.01447790432 426 0.746854632581
0.0721379228798 7 642 4.56631618197 274 0.726846328715
0.0675986247689 7 332 2.17599942106 463 0.753058206201
0.0702967670721 7 568 6.16584458309 407 0.74501315903
0.0922538426882 5 645 2.44166856067 411 0.723040342102
0.0782613420025 7 958 6.24273032234 464 0.731451995457
0.0834906726963 8 819 7.10599937811 157 0.717470298973
0.0652970665414 9 224 6.96333409595 374 0.750497399875
0.0790787767593 8 807 3.00244551719 453 0.729419050473
0.0941075595519 6 463 9.38874059725 192 0.736793472947
0.0687036624438 6 864 1.19972254871 284 0.747036653583
0.0930739621489 8 548 5.56006128964 311 0.715345526809
0.0790015761749 8 794 7.56866020068 463 0.723034861674
0.0991893776991 9 514 4.75392027591 234 0.727719269539
0.0737680100727 5 417 7.73490817045 543 0.750407388395
0.0824899866806 9 992 2.84604072783 442 0.722630839782
0.0601233975768 9 735 0.505174460373 530 0.741432976442
0.0683332129345 7 963 5.20215453434 427 0.736273713913
0.086251081279 6 892 1.32278905678 357 0.731900470455
0.0790119588425 5 527 9.29201315217 317 0.747620608772
0.0603908232283 6 590 1.36612608847 436 0.749417299776
0.0972076341876 8 936 4.60594350541 347 0.698631538573
0.0919271270005 6 494 3.57133025356 528 0.740705521036
0.0818214153219 6 939 3.5371253336 300 0.730369473596
0.0958484568462 7 604 6.05925692176 190 0.717515269444
0.0782634960438 8 974 4.13300996102 422 0.709631789331
0.0864955760164 7 665 9.3368036561 185 0.720392812189
0.0953012636084 7 710 4.12609717336 323 0.715599992767
0.0677895035611 6 528 5.61611846748 312 0.74827617493
0.0668125391792 7 668 5.7055500611 171 0.738359750464
0.0618456805721 6 249 1.51998558846 197 0.747551573833
0.0960130792309 6 287 9.39202420471 532 0.739487428686
0.0733139781364 5 486 3.77307758499 260 0.75321374992
0.0851545022962 9 502 9.55524129671 400 0.724327074292
0.0801110349815 9 760 8.35255659423 406 0.728969075376
0.0690199570536 5 404 3.26313630697 520 0.75425890768
0.070170788424 7 975 4.11769152998 274 0.725959230638
0.0838891756603 9 705 3.88916528933 507 0.720768331569
0.0877152518463 5 718 1.73578975332 527 0.730520431234
0.0978961690758 5 319 2.41298060777 482 0.744725065501
0.074719249479 6 870 4.11169855869 438 0.734316802554
0.0742357572324 8 362 7.89646990193 223 0.749690908184
0.0839265183975 7 615 0.922388948769 337 0.729435403246
0.0865431781078 6 806 9.86813501813 209 0.731362629174
0.080149348555 7 602 3.90714667651 470 0.745349686818
0.0871218397592 7 705 4.27269670707 521 0.718287026021
0.0924162967264 6 794 5.93996613073 470 0.730588467317
0.0819239692283 7 1082 1.68217948436 374 0.713534201799
0.0963813496575 7 594 9.17974618395 260 0.728302579566
0.093427052775 5 487 7.10839235694 528 0.752133676927
0.0984868406297 9 1076 3.28300116457 450 0.697966751218
0.0640379876777 8 538 0.787064705779 404 0.737642283936
0.064360122208 5 212 1.58136569815 241 0.750774665479
0.0967548431074 7 544 8.14042900931 395 0.726418167338
0.0680026963046 8 530 7.62285906096 542 0.743810218658
0.0929626380874 9 292 4.58905269763 415 0.743593197966
0.0883598599125 5 1094 8.36965573988 495 0.73941463048
0.094827183098 8 937 5.50970369796 276 0.696936017573
0.0855018629777 6 983 4.89163555024 353 0.720097843422
0.0919528606675 6 1005 7.47369401121 288 0.704201200229
0.0991552644698 7 1060 0.548228275572 161 0.700838192119
0.0983195006631 7 468 7.29819760867 360 0.740199872594
0.0999926565561 7 652 1.52275846594 438 0.714140169499
0.0796799901294 5 990 4.47678899507 392 0.744036896453
0.0994609003143 8 964 5.51320711523 354 0.704901423953
0.0651697584021 7 211 3.1178420078 192 0.749505626397
0.082001671953 6 916 4.85892484248 277 0.744721867575
0.0648811815067 7 429 1.18457593661 393 0.754795537006
0.0831651731867 7 846 0.739983661098 281 0.72116269031
0.0643874167883 8 945 9.58605072482 269 0.734453553385
0.0861711206399 9 622 4.14530047436 196 0.729985211634
0.0809051235913 6 602 4.97899353813 300 0.733540949241
0.0897189428732 6 426 0.982738616047 403 0.72890354384
0.0841807991453 6 603 9.71641592693 442 0.740046224194
0.0621559889175 6 526 3.22979969017 169 0.741844447581
0.0639601221774 7 608 9.03596059151 182 0.743362143257
0.063456174882 8 953 7.2814378081 233 0.733251551381
0.0799617814158 8 672 2.2452392683 213 0.744191239757
0.0912283329595 8 1067 2.89233397099 272 0.699176717818
0.0916517336261 8 599 3.09506558098 518 0.716453144459
0.0908358090017 5 492 5.23230328381 239 0.737853083752
0.0762993435444 9 947 3.00324642582 185 0.70831819758
0.0969458623434 7 806 8.82970515718 219 0.708906196677
0.0630063364318 6 955 9.96870096737 367 0.751518386097
0.091673494373 6 1095 9.42347491174 458 0.710180198102
0.0903669860922 9 821 7.15696298904 246 0.707285718955
0.0673051008432 5 291 6.11612097336 337 0.765080787556
0.0711517971512 6 688 8.37561335763 347 0.735536772466
0.0933942174679 7 542 9.68231602335 200 0.724022432072
0.0803805328745 7 834 1.43656402538 247 0.732695912797
0.0667305950651 5 424 8.11025667995 188 0.749874384538
0.0646099431773 8 663 7.38740372932 261 0.741388645878
0.0649256959208 9 973 5.05043954713 283 0.731358301332
0.0670949111394 9 217 3.60244713283 455 0.751429358544
0.0673967772117 9 486 4.89878812463 433 0.741000702116
0.070538364036 5 555 4.59127713308 513 0.749078004751
0.0659981133867 5 617 0.852749286114 153 0.737378375166
0.0916749822993 5 885 3.45186970724 183 0.721866600211
0.067704662026 7 952 7.08863739721 476 0.723633233586
0.0749866921455 6 776 6.84758761835 538 0.737717058899
0.0964107125 7 991 1.63963522172 292 0.710955632317
0.0633266688688 8 663 9.09450719557 230 0.751302061199
0.0963617107829 6 812 3.50798822527 384 0.724904052286
0.0808663385932 6 1050 9.95453391573 348 0.718970148907
0.0615776843669 5 1097 5.05374656433 464 0.74389347365
0.0766209266715 7 517 3.12001197794 328 0.734571763565
0.0691886402568 8 656 6.83631424199 469 0.740102799162
0.0955029968528 6 793 5.28269484415 266 0.718149421966
0.0874694114492 5 842 8.86849818473 534 0.737003929848
0.0654227510655 9 554 0.609687564766 339 0.74848646799
0.0916452520784 8 1000 8.28347201671 178 0.717034910398
0.0621696159769 6 256 4.62322643561 452 0.751122926161
0.0830835813805 9 560 1.35595605353 342 0.729474593178
0.0708720432328 6 569 9.55353085393 407 0.738674651622
0.0939748663462 6 651 5.06342288849 164 0.720326910053
0.0804487897917 5 1052 0.724356884333 545 0.73060815907
0.0888894051646 7 729 7.8030933896 314 0.723738041861
0.0966984523449 5 252 8.88624831563 443 0.742520291793
0.074736483378 7 1029 5.40323452298 339 0.731168648986
0.0719930208992 7 429 7.83267925521 426 0.743327376479
0.0769271192856 5 1089 4.94704121624 314 0.73311045688
0.0799407825674 7 461 1.68724169389 512 0.746234995149
0.0633095103639 9 812 0.512777512306 201 0.726784166809
0.0897679431819 9 466 1.80690869358 424 0.732985479977
0.0874152575295 8 620 3.31762363013 204 0.726051758054
0.0873057309532 8 213 7.64200488596 215 0.745071364982
0.061283395075 8 227 7.29812232003 492 0.755256703077
0.070168268438 9 797 6.3403507065 489 0.725951631214
0.0612098524932 8 526 6.97110127321 526 0.751333268139
0.076267030714 9 429 4.83556522528 225 0.763599703024
0.0661325592973 7 790 4.4706852919 535 0.735931345677
0.069644076953 8 552 4.7262463814 387 0.733183737286
0.0880639623168 7 360 1.73553752518 305 0.728106463066
0.0809221139269 9 443 7.79363945222 439 0.734155994609
0.0951250487546 6 865 8.66467512592 407 0.713493803632
0.0787223791071 6 603 8.51936479789 283 0.734731828035
0.07906141934 6 256 1.21099983676 374 0.756926561962
0.0942153027682 8 355 1.14530459365 236 0.73577244954
0.0928178888614 9 927 5.72224756674 549 0.705056969574
0.0736940454074 8 808 2.98642350138 421 0.719810415416
0.0793820664245 8 774 3.88700491049 185 0.733334018389
0.068607841633 6 521 3.66693246771 415 0.742739084042
0.0942919304733 6 493 3.42919688124 211 0.73787203794
0.0857827023042 8 542 0.589105112178 261 0.709819315958
0.0904340350807 8 318 7.31528974677 177 0.7340143625
0.0773264834157 9 1043 1.26786918756 521 0.700012397097
0.08293696139 6 803 4.75676549523 370 0.742779765394
0.0869586485172 5 397 4.77986839708 420 0.746229887034
0.0849246152051 9 1036 3.26042148747 417 0.69798520101
0.0912977512291 5 367 4.66417058553 293 0.742511245217
0.0964722002654 5 374 4.39382542489 263 0.735962063671
0.0696357518566 6 487 9.90835063744 150 0.740134044983
0.0775807483139 9 1062 3.2416576835 461 0.717566135089
0.0647182216151 8 828 6.77751993586 280 0.728919665013
0.0682739664294 5 468 3.69073260833 238 0.743854406644
0.0696669646152 5 259 5.84700063278 538 0.742914733877
0.0887213678319 9 353 4.14070182174 526 0.735337706599
0.0921982861586 7 948 5.95083971648 415 0.713957410988
0.0891869525991 7 925 6.32455446396 259 0.707000835562
0.0915575530498 8 570 8.46976352344 534 0.713701868157
0.089609230598 6 664 5.48447842995 154 0.721972602096
0.0826123074072 6 963 5.61674259674 485 0.744599383329
0.0795513848987 9 873 9.99624295493 160 0.728885450161
0.0855413623087 7 764 0.776559239674 409 0.713549367511
0.0857045776302 8 853 3.54026109359 304 0.71247292423
0.0833858121607 5 1033 2.86197941021 510 0.72485819765
0.0842344632402 6 852 1.15471936469 362 0.732869669273
0.0786282130005 6 273 0.831659857345 368 0.73473178399
0.0609098779008 5 780 9.16145892648 313 0.746291586453
0.0926887497485 8 630 4.55703252519 546 0.732500610406
0.0940024380896 8 1054 0.540321152863 383 0.70078369407
0.0801467454432 6 1058 1.97132836403 392 0.727088681369
0.0979909055593 8 321 3.82400041285 388 0.732971647838
0.0708797163537 5 1092 9.7939260176 315 0.729760098166
0.0651948124567 9 786 1.80027872368 157 0.733679050204
0.0844164752782 5 869 9.39160490964 191 0.72703394434
0.0882483860956 9 658 7.21300897681 319 0.707739781246
0.0639876909559 9 467 4.85146225264 525 0.73765414744
0.0672133880574 5 833 9.67362357909 390 0.747155127147
0.0604370483862 7 698 4.4204597839 221 0.745261853904
0.077844066125 5 293 4.24335797738 337 0.741689284089
0.0879265412482 9 1058 2.22092335076 543 0.696994702654
0.082520567645 7 344 3.60137578022 170 0.739318993005
0.0622714875225 7 915 6.62028501903 346 0.747910651803
0.0929404593035 6 238 2.08896820468 492 0.74662552111
0.0647821738312 8 581 7.4893315062 431 0.736019928614
0.0676435526584 7 368 2.68626748325 527 0.756348739779
0.0873596313996 5 322 3.71157610208 330 0.749128718477
0.0757889187117 7 204 7.4597451016 320 0.748125531219
0.0975534058402 8 747 1.66545160354 178 0.728749679356
0.0722063693205 9 889 2.58635625151 187 0.729916509876
0.0680437613458 5 706 5.39944998258 472 0.743465159443
0.0613995097349 9 569 3.67063967492 229 0.737564914269
0.0905111068212 7 925 4.42586850162 374 0.710974356228
0.0910772184528 7 206 6.40443218247 411 0.746570861187
0.0721078724561 5 774 9.26603294479 283 0.738980643937
0.0617173748276 7 579 7.56184400084 492 0.742785377147
0.064204953356 5 780 2.39104658026 319 0.755106384405
0.0702737755059 5 663 6.20984009156 460 0.746614762908
0.0904640631886 9 414 1.95170786774 442 0.735532247983
0.0727805759614 8 910 0.561995858228 384 0.726635411935
0.0998491154263 8 287 0.671250700098 447 0.753557753543
0.0870330830729 7 693 7.47390481704 332 0.731380140937
0.076074530732 8 695 8.17451285633 320 0.725627430706
0.0672207617185 9 758 5.71457649631 501 0.750693398664
0.074770034626 8 211 7.92054728877 543 0.756813920946
0.0935501850806 9 721 4.64017183197 477 0.714666341984
0.0895674526622 5 736 1.86937761187 548 0.743984703163
0.0885494753242 6 1050 9.83303041741 366 0.710952710946
0.0824739554556 8 734 9.48273535517 438 0.732663911193
0.0686427952719 9 705 3.4192091951 423 0.734745489837
0.0895182362033 5 355 5.88746210412 154 0.731909395019
0.0834695798372 5 918 4.70742590625 335 0.736046456116
0.0949969730563 7 436 1.66215224796 177 0.728905626347
0.0661248619756 6 247 2.85571301706 338 0.748250010484
0.0987807104088 9 691 8.49529266428 192 0.718966618505
0.0626866745326 8 1048 6.94817291356 181 0.713660747975
0.0699206906642 9 708 9.69688851636 293 0.736666399728
0.0667433978761 6 571 0.719241395184 485 0.749045436125
0.0696166567166 9 498 3.98320575841 259 0.728253102677
0.0793773303131 8 518 3.40976642948 320 0.733207273888
0.0825685437956 7 638 5.61559366511 220 0.720699386262
0.0813322716695 7 506 0.539571317594 362 0.743764512565
0.0932578011966 9 414 1.27687354986 436 0.743303975068
0.0658653066534 9 995 8.64298375947 436 0.726548453441
0.0960209006931 9 921 7.70075013743 549 0.722539861667
0.075433560787 6 932 2.32990257028 481 0.740169449464
0.0872870362406 7 481 9.43177454909 333 0.73654993094
0.0917000687675 6 248 1.80525265496 386 0.734225729976
0.076005555899 7 870 3.21612702764 237 0.729942113586
0.0898401043612 6 772 4.8708917244 526 0.714260638707
0.0638119281446 6 856 6.06018690973 280 0.739790883803
0.0711897087705 8 430 1.03086693072 433 0.745931453044
0.0692976532269 6 281 6.46784559891 203 0.74399807165
0.0766169416331 6 614 9.47948507632 376 0.736566380614
0.0940826241104 7 864 2.85326656949 533 0.70350130554
0.0856658065487 5 352 1.5223428888 478 0.751228053717
0.0818412815966 9 910 8.00211281272 401 0.713379960376
0.062354100142 5 1010 5.218526468 210 0.746782533268
0.0994710904144 9 477 5.65465856724 440 0.717170342757
0.0736619951929 8 279 1.11403194031 225 0.759197230988
0.0805934796196 5 1066 9.70074831776 232 0.729010075167
0.093127512414 5 899 2.94702332743 255 0.722928892701
0.0976043068474 8 338 6.00547804029 476 0.741525076997
0.0741326811432 7 889 6.45116346482 386 0.728467310847
0.0824078796886 9 668 0.601040300697 460 0.726338533743
0.0800332072527 9 936 9.04262396756 261 0.712777859747
0.0797667752494 8 428 7.73764164918 474 0.746172632217
0.0918892951658 8 929 9.05371392627 198 0.712672005705
0.0626118427427 5 870 0.857144999204 322 0.741961321477
0.0792418260334 6 884 4.71018572194 181 0.72715420658
0.0710999467772 8 841 6.56838693102 155 0.73224875207
0.0699618353538 7 908 9.26420082907 478 0.741113806489
0.0709003673734 5 854 7.01447369666 301 0.742136839313
0.0787711621865 7 1024 6.82256323315 362 0.714025880259
0.0652782348452 8 770 9.42556290054 383 0.742571547539
0.0994957336975 8 587 6.74723320042 190 0.721727185741
0.0697531194846 8 481 6.65165633083 172 0.745576779337
0.0823523802041 9 933 5.16242999933 477 0.708129411149
0.0945560452076 7 790 4.59750711605 335 0.700433221739
0.0766464561095 6 218 5.35840950422 463 0.769035095498
0.0908424516486 7 944 2.34066160373 238 0.715092244467
0.083997573112 7 940 8.67949824706 231 0.709585638612
0.0801826286446 9 300 7.73203012737 274 0.743687828019
0.0728231880145 7 700 2.0263701892 431 0.728780847382
0.0985382943189 8 848 5.98672136656 538 0.704024529612
0.0831751771993 7 1026 1.34721596201 392 0.713892602679
0.0988423152635 5 715 1.38309962263 518 0.740596760417
0.0923184841398 7 1001 3.09031348919 271 0.728073970247
0.0954255319813 7 231 9.09147832644 481 0.754116164847
0.0984834414659 5 406 4.85993163836 389 0.747776974879
0.0681988503102 5 258 8.04700108173 239 0.754443035032
0.064468513037 5 872 3.31102012391 298 0.743774547144
0.0913199472584 5 1078 8.22570233156 168 0.715627112571
0.0854511929172 8 1020 8.33291874817 200 0.705809298357
0.076162490418 7 928 5.75492313211 274 0.734038598937
0.0949895167374 6 271 8.18015716951 450 0.735620995985
0.0805276207575 6 412 0.909021356012 531 0.739338987592
0.0836483849678 7 431 0.984920130358 156 0.746513801731
0.0654507084408 7 839 1.47624971691 502 0.738867771684
0.0756177446354 6 621 4.10023068691 382 0.744309828931
0.0781592903224 9 517 1.63667766535 281 0.730319387922
0.0630661084582 7 208 4.28423358171 215 0.747282930127
0.0739523566463 7 901 9.838390261 266 0.716053393458
0.0667311499311 6 581 3.8282066049 406 0.740064640116
0.0613273904672 9 966 8.6595683837 173 0.723270425269
0.0625647334255 9 370 3.32322215067 496 0.762069306727
0.0678611582912 6 327 3.37327651715 261 0.741364090713
0.0985951467503 7 223 0.816643420442 318 0.747497013633
0.0734851530577 7 276 4.56154229139 232 0.747335569442
0.0994830194188 7 943 7.72282448288 504 0.720726794868
0.0801731963469 6 799 9.8775171356 481 0.737251251676
0.0822145742181 9 405 9.08782385821 234 0.74146638266
0.0706430836246 5 969 1.84608402917 296 0.744729432022
0.0819203787923 8 232 1.40794519761 276 0.753916700762
0.0640336676959 8 918 5.88866956087 490 0.732814876012
0.0845654719086 5 583 6.30320243902 326 0.735020000467
0.0828355083602 5 327 2.79192312068 544 0.750600555985
0.072594369802 7 225 6.55185550611 366 0.750149117343
0.0721260365112 6 215 7.46020931493 336 0.75283566748
0.0799549999098 8 278 4.51438754156 466 0.755377542859
0.0660877087837 8 966 4.19787209243 335 0.724196271762
0.0702411053981 7 201 4.34874734273 456 0.759059684491
0.0654524228519 6 1076 9.88085957769 408 0.732897290367
0.0780453639585 8 411 9.55286725703 499 0.747524648525
0.093357531199 7 847 5.9451192254 375 0.721162168815
0.088333766978 7 1047 3.02220143942 525 0.702544306941
0.0984357825486 9 807 1.31415548382 355 0.704537312223
0.0747202993474 5 781 5.42436385067 446 0.751730023977
0.084203340699 8 240 5.612558343 175 0.744022370017
0.079075788442 9 615 2.71188444182 262 0.734033748647
0.0867894159112 8 1021 1.42430171821 472 0.717476670712
0.0724201886349 8 701 6.27727359346 510 0.748090136143
0.0819632217044 8 227 8.70864310167 382 0.749499137954
0.0904843679798 6 426 8.82029393287 518 0.741636705191
0.0779820567025 5 232 2.85791464261 325 0.749022245841
0.0776885867293 8 762 4.89460923801 181 0.7232115744
0.0842615075895 6 848 3.47526772021 441 0.71804630802
0.0603886393991 6 355 7.93907386761 239 0.758258089116
0.0752293532459 8 373 8.64299057719 293 0.760599399633
0.0857444594806 6 383 7.24874421934 454 0.745590973143
0.0838824007489 5 239 1.15209612261 431 0.742065461496
0.0665456066566 5 655 8.83405291504 255 0.745498541772
0.0802779969959 9 447 5.68871457027 179 0.736661590612
0.066934027212 6 961 2.70325386191 472 0.760677447104
0.0746688962164 5 305 0.805082631583 159 0.755588030375
0.0890205925311 8 935 9.99765323541 455 0.723671910257
0.0891551071311 5 1043 1.71146926275 488 0.729958514097
0.0666510132482 9 272 9.77632419185 150 0.74418059934
0.0750945693185 9 1096 8.83736752697 447 0.716078972984
0.0790254931618 6 837 0.618550521821 352 0.736704838396
0.0834434051726 8 610 4.80182108763 375 0.729944253371
0.0950961955231 5 960 6.3032151424 191 0.71990380474
0.0799591035348 8 513 8.16198636053 526 0.738603753861
0.0647067985984 7 855 6.80720666457 435 0.738756139222
0.0868806547507 6 270 8.77353785775 468 0.757249256935
0.0991035006258 5 298 4.02371048057 313 0.737503059855
0.0872213328942 5 903 3.9713609284 486 0.743624349178
0.0837736045549 7 926 9.52541346147 367 0.727577649034
0.0624168257808 7 907 4.21976110256 176 0.729760993288
0.0983360816822 8 652 4.0096123251 492 0.713578207999
0.0696239074634 8 295 1.26060141123 379 0.758485801634
0.074850472036 7 946 8.17289197925 540 0.743085830632
0.0619633140969 9 794 4.22835336204 376 0.729992286662
0.077425885329 9 467 1.87458231975 425 0.746949393642
0.0788453692231 7 350 8.10751101452 379 0.738862282973
0.060299120922 6 543 0.847009740497 519 0.74296813021
0.0652097754695 9 1096 5.67731894175 504 0.723389490028
0.0799016047491 8 391 0.578288272352 176 0.748040130941
0.0902359354055 8 345 3.07521138692 462 0.745013934484
0.0650699368467 9 253 5.32403421105 480 0.760731211081
0.0610398048022 8 371 2.84600658891 286 0.741259261775
0.0970509294155 7 677 9.57348864401 450 0.718897866293
0.0616486256844 8 596 5.69812539628 352 0.754441820945
0.0856956841465 6 1089 4.79990065919 194 0.715845499164
0.073904228679 7 681 9.51113523154 221 0.740739442851
0.0953404434699 7 862 6.79114195617 495 0.725723307804
0.0666335578193 6 734 7.17722478135 336 0.747132901122
0.0787656505502 5 357 1.31003025769 415 0.752797540873
0.0751016184339 5 1056 1.80944310959 526 0.726479763674
0.0763579847309 8 949 2.31204329344 403 0.733664189496
0.0966341477285 5 412 1.87053494354 448 0.735246279534
0.0992801369192 8 546 2.20803366731 340 0.7254998877
0.0746412455934 5 220 1.33500603311 317 0.746242710631
0.0887745717395 8 571 2.48655895334 363 0.724365375602
0.0752295830065 8 239 1.18829693258 525 0.746297416741
0.0914646171223 6 1040 1.37705647482 453 0.713763230303
0.0901461818464 7 761 1.15209220285 418 0.716498214223
0.0943626541751 5 362 2.49654071598 340 0.745463521671
0.0929413731334 9 819 2.06121574374 521 0.704557176466
0.0979859315647 9 849 1.75139148176 304 0.705741687856
0.073702862486 6 290 0.917733821712 366 0.752757443018
0.098342216544 8 395 1.84499389941 527 0.725705616128
0.0879582775008 9 336 2.44533654369 417 0.739053357379
0.0871753435827 7 262 0.533451573728 262 0.744357837196
0.0669410039921 9 756 0.922065058473 439 0.733524943566
0.0797930404851 6 445 1.62285892576 514 0.749985396611
0.0634833883721 8 391 0.660024627602 495 0.756949138864
0.0852699405224 7 1032 2.16093986749 516 0.719615588135
0.0819541395243 6 683 2.08055840656 489 0.744646165099
0.078277717588 5 550 2.1616066457 275 0.745141966867
0.0841753562618 7 500 0.595551641054 249 0.733047910262
0.078858290529 5 946 0.652008444662 534 0.738420182098
0.0748796045383 9 623 0.608672198734 404 0.743152504475
0.0969020016452 7 270 2.22175353144 431 0.75187393309
0.0985705823215 5 551 1.08691260906 170 0.732532070665
0.0654905852304 5 1038 1.16666928744 416 0.742163929346
0.0687344819345 6 636 1.27462692855 301 0.742964388554
0.0678598083935 7 458 0.72039565579 497 0.753768076719
0.0641359945798 6 360 1.01290868485 475 0.751763309298
0.069349625121 8 952 1.40784827986 428 0.742214392298
0.0964296951868 5 778 0.635977585902 370 0.731258748337
0.0686722332552 8 421 2.24058933245 470 0.742630914
0.0779312561926 9 783 1.98959231262 455 0.725163969578
0.082133602156 8 986 1.24412739908 503 0.715485839613
0.0677954226493 9 304 1.66281902182 284 0.745499585576
0.0828695946072 8 942 1.33558315905 313 0.721749693754
0.0975329687263 8 278 0.643912046572 447 0.739650205369
0.0947080759575 7 911 2.46375472906 297 0.720102497344
0.0929372594048 5 455 1.36131445644 158 0.749127989401
0.083606131542 7 556 0.868269303271 303 0.72884311655
0.0603407406039 8 674 1.498350563 262 0.752217701153
0.0856187271117 7 797 1.23216274614 500 0.726616276544
0.0923470532961 7 720 0.672563460106 323 0.715974699485
0.0635010069555 5 629 1.00048330269 296 0.753565051548
0.0996263908855 8 688 0.701393094641 356 0.707612034114
0.0813751504959 6 767 2.07073990982 197 0.727771486197
0.0632629616976 5 988 1.3260266952 513 0.749351397174
0.0857766125762 8 571 1.8956918407 427 0.722108607696
0.0942585959552 6 917 0.763527414581 182 0.721236542578
0.0884037984586 6 459 1.80423063939 305 0.738176552639
0.074402861195 7 995 0.687829705862 308 0.729653268099
0.0634786432944 5 517 0.686509783814 548 0.745196946246
0.0991083571419 5 631 0.877206763343 507 0.722756553594
0.0663694501237 8 885 2.21120137142 452 0.73381431648
0.0831662078951 8 454 0.701536568304 356 0.738671578845
0.0874121704489 8 840 1.52710900776 336 0.720782426084
0.0771554054152 6 936 1.51966436511 391 0.735496586219
0.0604439069546 9 937 0.943766131841 496 0.741549877309
0.0778825596448 5 785 2.48735684807 445 0.742990989685
0.0802135786913 5 954 1.41602912189 304 0.736776873592
0.083098292164 6 463 2.40893001515 292 0.731435649702
0.0738732612809 7 973 2.01303308732 389 0.743184228266
0.0840296320674 6 721 1.3588188716 461 0.733849306576
0.0825609513564 9 353 1.2829516195 528 0.738250986401
0.0627403051365 8 781 1.24862975899 379 0.735578017336
0.0851649122533 9 596 0.515729139262 274 0.723784519772
0.0972972071727 8 971 2.41779334306 496 0.718732147881
0.0634632203045 7 238 2.39944841257 216 0.745853876235
0.0739093762247 5 1050 8.66133592842 437 0.726203693292
0.0725156344219 5 242 9.02217328202 465 0.752942745634
0.0913672405456 6 505 7.31435855293 349 0.728887480891
0.0704091558324 9 615 1.4333695222 462 0.728871312805
0.0951473819284 8 481 7.3733136446 405 0.732904559589
0.0735080753162 5 487 9.18623839017 475 0.751356214841
0.086789405777 6 276 3.64784442072 395 0.744394650238
0.0627865843845 6 607 5.28724008703 485 0.759663518645
0.0609193965558 5 521 6.48315742201 170 0.742144739115
0.0888437826278 8 646 2.06983342492 390 0.729923479926
0.0884319278296 7 410 4.0923016976 396 0.742456973001
0.0856377857522 6 510 9.21932353574 215 0.738125769316
0.0859152486521 5 581 1.38271649214 238 0.726113239154
0.0663246762224 5 848 3.03776903142 338 0.745009441188
0.0661327577422 8 608 6.70382347836 476 0.745553760447
0.0731434493137 6 996 1.7976122998 287 0.725352753431
0.0932341072681 5 749 9.04337266903 334 0.737224465163
0.080023783277 5 685 5.69918588793 400 0.732701845343
0.064086866676 7 778 9.82322444896 451 0.757143030229
0.0755982284656 9 737 2.58810327988 526 0.717668665159
0.0980204630388 6 812 5.63805880629 216 0.727678790753
0.0775230453136 6 473 8.94504465332 276 0.752750694159
0.0628997885678 9 613 4.28186539048 439 0.745863897138
0.0716538851847 7 561 8.44446990867 336 0.740047206396
0.0867159251194 9 260 6.00786122243 512 0.738893335776
0.0914871859809 6 846 6.74191198963 543 0.729130553419
0.0736321714019 9 681 4.29063124665 175 0.727751759066
0.0773789391749 9 772 2.33934133786 480 0.729618790852
0.0939109450846 6 533 2.04049223189 236 0.730680893959
0.0937999823183 7 427 5.28706013354 239 0.731313867854
0.0952300202796 6 853 6.03988995851 388 0.717348667382
0.0714376706429 9 585 0.882439485154 287 0.753349406997
0.0675527522095 7 784 2.21226709489 240 0.734709866036
0.091729700317 8 1097 3.12554298374 515 0.705599847341
0.0793961861654 7 763 5.16910098241 166 0.722182193456
0.0659044228382 9 840 3.69403223788 550 0.742425624319
0.0968480260439 5 1019 5.50015558548 178 0.707356848708
0.0899435738253 6 577 9.42230838712 533 0.73213870418
0.0648017040325 9 495 1.46093990332 501 0.755215391021
0.07911103347 8 605 6.2972646525 434 0.734203326682
0.0787394892131 7 763 8.98034813686 493 0.733540168826
0.0654761902252 8 917 2.43777429145 306 0.735817033015
0.0710804231651 9 634 9.76160166497 329 0.738858848905
0.0797437355781 7 1012 1.35399118039 276 0.719604995967
0.0867152510803 6 580 9.44220623836 354 0.722724963884
0.0713503096955 6 442 6.04013114601 314 0.748135391074
0.091236369496 9 1068 2.55211101034 186 0.706994797248
0.0717584683759 7 335 9.8234938219 326 0.744564084471
0.0736922809962 5 627 8.53771447361 385 0.749094422244
0.092265185023 7 294 7.32055817612 246 0.7377333911
0.0710154655318 9 777 0.677342474557 170 0.729227081836
0.0641052852424 6 684 2.87788661004 502 0.734958765982
0.0775598176402 7 786 3.94429709682 382 0.732756039099
0.0780779078811 5 1066 9.66687701597 471 0.725704274435
0.0829447210262 8 862 4.81797596226 363 0.724837235116
0.0784400033435 6 367 7.52496576894 320 0.738225660265
0.0722421770521 8 613 8.25976149221 332 0.741167382032
0.091702602924 5 1016 7.75319587101 164 0.711605031409
0.0862444804279 9 811 4.74937844997 280 0.719396136876
0.0949461796933 8 763 9.57752388106 223 0.724531605054
0.0665725183811 9 367 4.35521930635 274 0.751940928816
0.0910467641703 8 1024 8.55669874937 507 0.697253356995
0.0830801980686 6 478 9.68944851086 369 0.744768622885
0.0672073443266 5 206 5.93069769176 181 0.746531225757
0.092554175567 9 900 2.02654336887 217 0.719132015576
0.0932770709615 6 215 6.69981745569 426 0.745726771359
0.0694559940814 7 431 1.51942557324 349 0.755143532054
0.0987489023938 6 937 6.15082872689 510 0.716170804468
0.0700333062189 5 747 0.531361166 447 0.74698825725
0.0626565665925 5 311 3.16752200488 438 0.752589568971
0.0610796697005 8 598 4.84965263346 390 0.753528748819
0.0707808035116 8 627 5.46177640202 311 0.735555018478
0.0926511823913 8 530 5.98848173662 438 0.731857027564
0.0717631408724 8 773 1.7838616335 498 0.741386776962
0.0678069439037 5 218 1.28976789846 211 0.743606302087
0.0639324971018 5 717 1.14105095453 179 0.742510209168
0.0701101476158 7 641 1.75144864664 228 0.751694057619
0.0817344605794 5 772 3.81424343627 302 0.732563596102
0.0789728461615 6 250 6.91250563899 264 0.735290502475
0.0936496070057 6 833 8.28234685609 377 0.717380742359
0.0688109919939 8 1078 2.93113055125 528 0.730177562941
0.0931123678209 7 488 4.15876736224 374 0.722836234043
0.0947257004005 8 807 6.74270010648 249 0.713019058925
0.0863752741064 9 836 9.25804892982 305 0.708705395426
0.0644871096835 5 996 8.83882318863 424 0.73096574327
0.0994236893788 9 766 7.65969207148 498 0.701813078575
0.0736310524118 6 377 3.67298375881 253 0.751852246351
0.0722034776017 9 387 2.79644865803 259 0.735918607007
0.0966903008734 5 329 8.12488109479 293 0.746046675543
0.0960398330156 7 352 8.17511363945 237 0.747893002278
0.0703009853524 8 537 2.32836165575 423 0.736868891957
0.0674509671854 8 732 1.73589239122 281 0.734640334434
0.093248042055 5 916 9.08525890187 281 0.725208545573
0.0754936139381 6 634 1.18282596575 223 0.733655318068
0.0848070196558 8 422 0.870937711111 447 0.743459782666
0.0817468735416 7 913 4.11647569875 157 0.718930414966
0.0693554248673 5 977 4.69095430908 244 0.736368829858
0.0796701601744 8 1082 7.01227629348 542 0.712615775289
0.0864461373481 7 1021 7.43279523703 322 0.713798538236
0.0990237405103 6 961 8.31248392684 259 0.715918755459
0.0614722260074 7 949 1.95267496151 360 0.737826494008
0.0935892010237 7 468 9.92386197767 278 0.73869211721
0.0930725145487 8 566 9.15972430225 390 0.737396570847
0.0679917480719 7 789 5.41894300128 283 0.738976487225
0.0701036091647 6 969 1.96492821808 191 0.738546594389
0.0864433205089 6 396 2.54520584155 482 0.732618150063
0.087732514304 6 228 1.33546893396 478 0.748687053111
0.0922308989738 5 921 4.67000032443 520 0.740621934162
0.0944040655532 8 1012 3.36246537654 171 0.699957378698
0.0811055160342 5 701 2.99370349013 173 0.737927245647
0.0624870837547 8 592 9.81964134851 185 0.746513441957
0.0653862768025 7 240 9.29011587418 178 0.754571833848
0.0905289786742 7 984 8.53279408468 470 0.721903418657
0.0633298808622 7 851 8.41540703102 206 0.744401290457
0.0982591113333 7 1078 0.678488998059 230 0.694445354166
0.0971327479123 8 384 8.33430762354 316 0.732511646388
0.0892012665726 5 882 3.48625983786 280 0.726225817238
0.0632305905791 8 239 3.13179862099 267 0.750361046553
0.0792288067111 9 265 0.971280900629 279 0.743252847552
0.0685308623153 5 690 7.40424171562 203 0.747365451037
0.08270337523 9 518 6.66368702925 532 0.725496940701
0.068312318407 5 318 4.83503214823 257 0.748614197479
0.0992277982494 9 784 4.85773044744 403 0.706214861642
0.0989872690073 8 223 1.43438458733 453 0.732722941903
0.0675119079172 6 518 4.01321231908 410 0.750550079836
0.0890609232389 6 636 3.31383932019 320 0.730560314544
0.0884190963846 9 498 0.95503765082 455 0.726176318402
0.0802717504216 6 329 1.99045346882 214 0.736377871308
0.0943931484361 5 543 7.81141784649 334 0.740245343326
0.0634428391694 7 994 7.10031092 336 0.73248946719
0.0677997738173 8 696 7.16022425468 270 0.728079635398
0.0945731751639 8 648 5.17635602091 269 0.711256871266
0.0709252706972 6 304 8.13477136021 359 0.761159832547
0.0880154952039 8 459 5.18908870957 423 0.73882736475
0.0613872546316 6 864 6.55351067428 194 0.742618082133
0.0771903666174 5 988 7.0479956139 265 0.726756900134
0.0949534681014 5 878 2.43339529284 342 0.726436264768
0.082674137439 5 499 9.41378372571 315 0.733285024239
0.0689341968594 9 962 3.73655257322 409 0.722786019296
0.0651348298298 6 553 8.40971204357 531 0.750811622532
0.0649295190963 9 608 8.86459713041 188 0.739981640757
0.0488832606353 6 745 7.74735884753 510 0.754079844081
0.056127849964 8 917 8.4934956197 433 0.73649199784
0.0661212030046 8 408 7.7368376007 528 0.752648888275
0.0747486031008 5 864 7.82979092888 463 0.744008070419
0.0710820347698 9 1073 8.58570185794 391 0.724045648846
0.0657006418362 7 663 8.40890761318 362 0.749456524113
0.0864211144516 8 875 8.12646422898 399 0.724623093524
0.0772354941855 7 916 8.51015162812 505 0.729687155858
0.0638920848239 6 562 8.78814465158 418 0.740634275664
0.0726975223277 7 373 7.06141226135 239 0.752031351642
0.0721030518619 5 450 8.24885792892 464 0.751397693162
0.0653186611972 6 1084 8.16521720707 290 0.735475634408
0.0741890692782 7 504 8.06633486389 156 0.744249001633
0.092064123879 5 1071 9.11857741515 227 0.732817774501
0.059292555812 9 758 7.92468423009 185 0.739212157049
0.0596108876557 9 840 8.72861312055 178 0.732260477079
0.0719677604059 7 770 7.16927691547 284 0.730435200586
0.0863599529946 8 586 8.22924078764 422 0.732788914125
0.0657907797615 6 536 7.81947216666 226 0.744368075653
0.0819777021982 6 554 7.91459653607 344 0.738188244528
0.072245409539 8 1099 6.91355021537 260 0.719572418571
0.0614594349323 8 574 8.03095753361 347 0.748484735033
0.0724244544259 7 900 8.62045574254 248 0.724594493899
0.0596846112871 7 1025 8.03049168659 452 0.737216142144
0.0723546779473 8 457 7.84392678244 428 0.753740505797
0.0671814631719 7 543 7.91567712092 329 0.744795050735
0.0748665577136 8 434 7.90282580099 513 0.746954255885
0.0826141462345 8 762 8.51800318184 402 0.720863391403
0.0605759337756 6 800 8.03626247081 431 0.738732427901
0.0774542733748 9 842 8.55961597966 363 0.725332944198
0.0661120441521 8 487 8.34598541019 481 0.757893206377
0.0722963676908 7 464 7.87558340818 306 0.748173334992
0.0633735719388 7 965 8.1491794329 296 0.747901926525
0.0657951092729 9 1097 8.35603701266 370 0.727268006212
0.0664630871108 8 960 8.4889615931 189 0.733144555017
0.0801818766023 9 241 8.11372067154 499 0.749804500909
0.0646790705145 7 971 7.42079636132 171 0.734730617013
0.0779239108458 6 492 8.34348854413 506 0.745613651765
0.0692464347058 6 827 7.42077766793 327 0.738114183331
0.0685817291353 5 933 7.24232213394 200 0.738126324438
0.0691532042613 6 869 7.4462235094 273 0.734822356035
0.0614530147561 6 450 7.87064192518 496 0.760513230512
0.0719474278352 7 349 7.48636257134 347 0.757433425993
0.0663015853867 8 742 8.24546287816 467 0.735601539893
0.0776867218752 7 828 7.95317681823 463 0.728682338263
0.0556503109899 5 406 7.90433751514 263 0.757859023341
0.0694447965864 9 245 7.56467091023 254 0.751789697876
0.0619701401352 8 688 8.71093445246 288 0.747053472353
0.0649403138206 9 360 7.23763537385 307 0.759012982064
0.053679376054 7 930 8.77880676705 299 0.749352334651
0.0642523306039 5 659 7.42880931805 368 0.74242793661
0.062566113182 5 355 8.35331370046 244 0.742576127
0.0467976403565 7 593 8.7777995752 273 0.742755411812
0.0716930778096 7 971 8.2024155929 208 0.728086881565
0.0775797255879 7 856 8.54844610832 162 0.73246460659
0.0694643198524 9 245 8.45540591224 263 0.743947838027
0.0663558759457 5 762 7.8831595278 438 0.760032919632
0.0642855388795 7 569 7.30562652664 242 0.743553794281
0.0760441685616 5 538 7.87682597304 534 0.747130813546
0.0730543086713 6 862 8.53502065875 200 0.736105271734
0.0786848078799 8 302 8.21172378508 240 0.756149170396
0.0681773580862 5 458 7.813837946 366 0.754301255218
0.0872497548161 8 1092 8.89020536078 414 0.712955703974
0.0558431056247 5 1044 8.17712689258 228 0.749578874515
0.0669825069548 9 952 8.35339529997 182 0.729047101354
0.07193331837 7 664 9.27710899984 215 0.740960582123
0.0660475429813 6 410 7.95328891215 272 0.74682468337
0.0777368218448 8 698 8.67595986924 540 0.731338270532
0.0585192563824 5 773 7.7848364814 368 0.74680719253
0.0621335926423 6 712 7.5500049398 515 0.735837595056
0.071507107125 5 347 7.83221503577 266 0.74988240909
0.0811367624583 6 232 7.6884252389 377 0.748440972013
0.0795614162486 9 309 8.28196530096 166 0.747262141522
0.0662702540858 5 667 8.72456083468 474 0.762286318745
0.0884381522271 9 656 7.4898054274 414 0.723978166724
0.0574101885033 7 482 8.32363934184 450 0.759711639384
0.0722680226748 6 856 7.558331992 479 0.759325771472
0.0702212109528 7 855 7.51439652763 462 0.734606431184
0.0615847542115 6 377 8.73866528235 459 0.754280244422
0.0849015081518 5 823 7.49194735452 534 0.737314792923
0.0626192004396 9 845 8.07830298358 490 0.741277407768
0.0654656018491 6 412 8.61974067707 401 0.761022668862
0.069525418758 6 644 8.71742793688 296 0.739322177875
0.0672386203538 6 510 8.51028729801 488 0.746710221398
0.0758183052209 7 388 8.10996767244 352 0.751111800406
0.077026565268 5 697 8.43110966122 512 0.744053967713
0.0446928341735 7 904 8.13695147932 445 0.752814165953
0.0856762880848 5 594 8.4894873469 323 0.739622731859
0.0811885987889 9 359 8.16667109459 177 0.739687989888
0.0461580545046 6 894 7.78901439766 161 0.744957232804
0.0508769452515 6 476 7.78388915968 354 0.758713705457
0.0835967130664 8 1064 7.83495180508 266 0.714299871506
0.0583424790428 9 1063 7.99251456579 442 0.734435634169
0.0733353134796 8 983 8.57575045737 213 0.713760706253
0.0488000132784 6 987 8.89150513391 394 0.742327271669
0.072027044679 7 202 8.63496101987 427 0.756269834123
0.0609981619352 5 470 8.29192490427 206 0.745393630705
0.0824352202319 9 507 8.41551125508 171 0.735223974199
0.0637840188099 9 356 8.7191717928 345 0.757168491503
0.0674281011681 8 891 7.48912566895 506 0.748638634219
0.0612660443576 6 315 7.69564733388 441 0.755189588403
0.0751984504254 9 925 8.17102237809 194 0.722163084724
0.069739915571 6 807 8.34576364683 512 0.750955573377
0.047922431969 9 256 8.79894698015 387 0.761867211864
0.0829063491982 5 296 7.58480741408 246 0.744294080233
0.0742560312055 9 256 7.85301461616 368 0.747983730244
0.0539608449392 6 442 7.81047704641 490 0.757518330353
0.0693015515807 8 311 7.79662930991 372 0.745066451716
0.0654305467559 9 1092 8.11880574432 272 0.715731175283
0.0704920247306 7 1083 8.00693793848 413 0.72367824564
0.0596475822315 9 982 8.09511862197 490 0.749363355953
0.0761145180531 7 916 8.06129955254 518 0.73521103229
0.0765319768381 9 308 8.92808733382 387 0.742483931319
0.0736637138482 5 356 8.9200220731 295 0.75259842891
0.0697424893147 8 968 7.98508473015 298 0.720614014207
0.0654019659386 5 717 8.02895983935 429 0.756353766061
0.0896724921347 7 865 8.52954505389 157 0.70720641363
0.0738462014535 7 296 7.87830740482 488 0.753809035055
0.0882380636371 9 899 7.62789096237 509 0.710286870356
0.0677991359506 7 399 8.47538750941 383 0.753063623536
0.0749430223172 7 883 8.07770106444 464 0.732732713657
0.0888734353129 8 915 7.48773755176 246 0.713788298313
0.0504818778902 7 546 8.48503953541 320 0.752047681956
0.0830956167564 8 920 7.65991288276 456 0.732487105355
0.0588362712872 9 778 7.55628481535 339 0.747261214862
0.0744156509203 7 702 8.02531936032 262 0.736628906927
0.0676061512579 8 868 7.88500895423 301 0.739946393801
0.0622090789275 6 597 7.44432769561 350 0.748047022868
0.0629302504752 9 486 8.48974766752 246 0.747171099214
0.0617019445512 8 983 7.1664878241 156 0.726457072954
0.0644697809016 7 848 8.42112195896 267 0.750084422376
0.0555123046568 6 1062 8.16808772422 488 0.751565070423
0.0572631681868 6 356 7.88425273108 351 0.749170414022
0.0719129900505 7 753 7.47705995019 173 0.726460133621
0.077422261398 7 645 8.17364759584 335 0.726989329574
0.0460429442421 9 961 8.21003918666 254 0.748024053806
0.0734096603329 5 709 7.36322882209 331 0.741865523707
0.0617005161631 7 594 8.44780735947 479 0.752549213453
0.088101146918 7 452 8.48103027752 521 0.727479487214
0.0729478273768 8 353 7.64672044351 375 0.75152939031
0.0655200973822 5 642 8.15787161424 498 0.745902233303
0.0881430532136 9 434 8.66233579527 164 0.731447136152
0.0873968748192 7 843 8.72977490421 291 0.727667244237
0.0619666194097 9 320 7.51348057164 545 0.754507004627
0.0749101841218 5 269 7.18925130731 165 0.746653450725
0.0707068872391 9 465 8.63972582154 517 0.74420530862
0.0724779988943 7 473 8.28663700897 377 0.752460160217
0.0625096872491 5 227 8.31506612403 302 0.74599972226
0.0792325349236 8 398 7.41242314317 362 0.749081046972
0.0655721842841 9 995 7.6538784537 262 0.732239158247
0.073864912185 9 699 8.82471893791 458 0.716705043821
0.0661950235197 9 813 8.17414674065 481 0.755997866914
0.08359215754 9 303 7.95697193968 152 0.74192816209
0.063474103312 5 759 8.26554551782 394 0.747487030322
0.0721785080615 7 674 7.28995496838 406 0.737055015203
0.0720244180979 9 812 8.14394804591 399 0.72800436087
0.0672292793203 7 343 8.29403741929 301 0.753411653648
0.0635153406705 8 1094 8.20473216537 169 0.72298506221
0.076236758194 9 597 7.82480516854 330 0.731036964267
0.0639792038772 9 910 7.75514038416 165 0.724715548407
0.0647825204537 8 640 8.48625018434 272 0.730180787142
0.0791538973902 9 326 9.16447792667 232 0.748697629094
0.0714763943631 7 263 8.23252088047 221 0.749200023398
0.0694312778604 9 835 7.76127429604 510 0.722933164815
0.0687040380994 7 1016 8.18582147869 484 0.726368626822
0.0758693578528 5 935 8.10013380469 303 0.73481229393
0.0708950323085 5 1016 9.17908109311 337 0.731770261619
0.0567716921375 7 651 8.77827581262 440 0.741952685872
0.0822916480759 6 1062 8.87426319257 548 0.717386362503
0.0606328297147 8 328 7.99714450026 206 0.751009293686
0.0551788883054 8 506 7.88571637118 346 0.763202010498
0.0591154989209 9 727 9.75162336958 279 0.738872125755
0.0641681999653 6 782 8.00353808473 474 0.749132046913
0.0558843763697 9 722 8.38082329136 374 0.741206198747
0.0818405708824 9 894 8.09530136002 230 0.714131069533
0.0501073272094 7 467 8.33840072612 297 0.761754878325
0.0762065144862 5 424 7.80240926522 546 0.742924625568
0.0679145370965 9 455 8.60992710628 335 0.740254046385
0.0584843567094 9 473 7.68515096759 239 0.748084160572
0.0801445057944 5 781 7.62726601536 248 0.734954259559
0.0561585011995 9 735 7.71166824111 488 0.741952258089
0.0734402764027 5 777 7.56509501806 219 0.730557205576
0.0633233979842 5 886 7.54791753093 253 0.736592307467
0.0722093300471 5 451 8.02013591106 278 0.751708197649
0.089645561693 9 806 8.64751948214 191 0.71648738178
0.0644573037 5 472 8.53107721459 448 0.76569591492
0.0829202171239 5 706 6.83467220465 459 0.74393848905
0.0759860239554 8 954 7.90249140494 412 0.734729279909
0.0677058951128 9 824 8.18017238613 157 0.730344199672
0.0453034869389 7 659 7.5834737029 374 0.745666859482
0.0819766977453 9 469 8.01800649026 449 0.735125382026
0.0732514657322 6 817 7.57417817628 417 0.725265905121
0.0638600929667 6 420 8.11809575205 540 0.744617666777
0.0627981466071 8 376 8.61792919031 200 0.748603582404
0.0628925167897 7 826 9.0774885648 526 0.74676807816
0.0584046164876 9 401 7.8006755674 470 0.754118876033
0.0813263977104 8 484 7.94258248292 423 0.743816103886
0.0622281191852 9 941 7.17189930352 286 0.73168701084
0.0609230848513 7 749 8.88701063884 433 0.763265084805
0.0551549701062 8 348 7.87787718963 345 0.752503234047
0.0756655452583 9 279 8.08474236893 224 0.749939526911
0.0627376949145 5 965 8.78168211861 401 0.742149804856
0.0670082709413 8 342 8.25236683837 492 0.752112965807
0.0740519209216 5 1081 8.65680991223 400 0.74238754496
0.0661257351177 6 209 7.67494040875 364 0.751038201432
0.0648363242042 6 650 8.69771994675 230 0.742279336707
0.0832620178242 9 237 7.68372975087 289 0.748049400579
0.0755649076849 7 547 8.40928967727 266 0.731691861325
0.0569766704399 7 1030 7.60354379595 155 0.739966455421
0.0615736595063 9 1010 7.34191828326 219 0.739129263309
0.0715693168567 7 455 7.89943963005 324 0.749704485838
0.0748059249828 8 834 6.52780604059 178 0.718352069206
0.0646288333575 9 864 8.76426505529 329 0.747611091898
0.0682220304097 5 639 8.339704137 274 0.741968427841
0.0597074032535 7 765 8.41479251787 156 0.735948548721
0.0793627171334 9 607 7.94224813293 480 0.751775832276
0.0767089828385 5 509 9.03253728233 502 0.744469257491
0.0539789595531 8 939 7.67933065422 510 0.74889522477
0.0819848986384 6 914 7.97671308456 266 0.733241603818
0.0770266379905 7 1075 7.90742030494 249 0.723272893631
0.0876369767585 8 983 9.800978533 462 0.710022319092
0.0816313032132 9 913 7.69669053908 344 0.722524621062
0.0775827483115 7 262 8.34921104544 324 0.761782629615
0.0818761740177 9 784 8.46742031321 185 0.729382543473
0.0625782299117 6 811 9.02183583167 241 0.738338611269
0.0616600927582 8 288 8.23259388267 271 0.749412700545
0.0670480407343 7 1083 8.35819022804 397 0.731684589481
0.0660431263375 5 918 7.00088114209 252 0.730820906467
0.067937580289 6 1062 8.44190345629 540 0.740829871407
0.0718646433355 9 585 8.44267452991 523 0.737309229899
0.0800075516135 7 525 8.11164092691 409 0.73771478667
0.0624406998229 9 782 7.93452973777 295 0.737121454144
0.0663312181713 6 1008 8.29810231463 261 0.73157879308
0.0959056339049 5 949 7.59755791666 387 0.71932977625
0.092510617832 7 536 8.60631223248 384 0.71645650153
0.073823801166 7 1031 8.14856497539 393 0.731895767349
0.0691067531357 7 741 8.95669974026 153 0.726957376555
0.0687471262189 8 430 7.61070413219 373 0.752475847247
0.0737820718867 8 639 8.28805639142 541 0.7512634526
0.0677929788851 5 980 8.51853902022 257 0.735768555196
0.0756096472417 9 657 8.58036205021 382 0.732247901992
0.0672987153783 7 424 7.88039261096 434 0.755599760261
0.0654204005317 7 290 7.33556903529 475 0.771723824656
0.0733854305269 6 914 7.37957653026 476 0.724370446938
0.0680192137009 9 268 8.43195016922 441 0.758515490284
0.0699556595877 9 786 7.93753402373 472 0.726820038845
0.0819172699919 5 1029 8.74097008815 164 0.722124350808
0.0830463042358 6 888 7.93955405927 460 0.74170773538
0.048273644384 6 898 7.6597565651 468 0.755597266979
0.0589510031637 7 657 8.94723168607 511 0.739370834852
0.0609825858878 7 754 9.04138278333 282 0.737405128708
0.0586431538424 7 1078 8.64320299593 507 0.743380005721
0.0731970572029 5 988 8.09775709948 415 0.7446729885
0.0656484230132 7 446 8.73260572493 517 0.756210163925
0.0951491085966 9 497 8.31090564761 193 0.729833004967
0.0859869354383 9 885 8.46164571748 314 0.699962788137
0.0551264798209 8 1005 8.26030652934 467 0.746007711861
0.060449859321 5 214 8.39836561916 395 0.750550516382
0.0742692340318 5 392 7.32121041666 370 0.748465709753
0.0669167332389 7 203 7.53702775774 158 0.764323316294
0.0824352743116 9 287 8.29253164872 474 0.769732355716
0.0571373702279 6 754 8.74073890921 171 0.740247031284
0.0624490433784 5 350 8.68407145973 521 0.748780261984
0.0703792538049 9 683 8.36465025723 240 0.739808134853
0.07117019806 5 620 8.09876530535 540 0.745591229965
0.081238178567 7 1083 8.25038429276 255 0.708812010684
0.0665456024695 9 478 8.21146618984 428 0.746605602183
0.0772936558094 5 873 7.98461434867 154 0.725713625043
0.067601207989 6 496 7.76133783697 191 0.737083903828
0.0773896732115 5 612 8.73342952004 517 0.737845586645
0.0550575983709 8 425 8.45503976266 265 0.767241891005
0.0753043847523 7 456 7.99038518853 289 0.759200889076
0.0684071977563 7 350 8.23126393809 300 0.763426437642
0.0662216589868 7 498 7.26461151251 507 0.741344236047
0.0791493958811 7 763 8.73991651684 324 0.72690571253
0.0845286371511 6 863 9.15340477245 357 0.738348857959
0.082085025137 8 322 7.35276688899 461 0.743952639413
0.0645685321001 6 682 8.24206259991 491 0.748749937417
0.0519071041714 8 942 8.11835970615 538 0.744718309304
0.0647456645041 8 457 7.38931831931 211 0.746659539489
0.0628824741924 9 1080 7.88069744458 540 0.732983137263
0.0791930094787 8 836 8.69796146861 259 0.721001801122
0.0591968147513 9 666 7.51633706496 420 0.74339616915
0.0712144746806 7 1030 8.60626792783 243 0.732934260529
0.0745239451154 6 610 7.1541104953 367 0.745650327795
0.0681853840019 9 705 6.72844927929 257 0.737151661268
0.0627737889798 6 967 8.52698401198 282 0.741989484151
0.0717754746409 8 793 6.96321019726 480 0.736368281996
0.0715507692366 5 1055 6.95087104576 295 0.73549328902
0.077365411002 7 601 6.24484601942 470 0.743831429576
0.0685289514474 6 496 6.58659837649 459 0.745120325023
0.0592852441122 6 933 6.1759124893 323 0.739399511957
0.0720250868671 7 318 6.75634111784 347 0.746300625019
0.0642513279407 7 1038 6.75776260546 330 0.742772409839
0.0730711739708 8 733 6.65870254718 523 0.722412304245
0.0753735800607 8 826 6.23246493325 219 0.734044022881
0.074624713011 9 1045 6.99546703104 291 0.71062963696
0.0735141385554 6 783 7.45761702799 333 0.738457000944
0.0764889708268 7 901 7.96128824778 516 0.718789291262
0.0611813458841 9 1068 7.87743881696 423 0.733991377243
0.0644774296866 8 1019 6.71465863274 514 0.738033178127
0.0631926701269 6 994 7.47438857368 458 0.743591900204
0.0582368300362 5 388 6.91212876892 307 0.757437468854
0.0691918975346 6 572 7.40685622761 398 0.743577623897
0.0836476901394 9 807 7.06060493857 321 0.710135758025
0.0571825224111 6 728 7.33368589518 223 0.742108443357
0.0578802023872 8 711 8.29562627688 356 0.737327621556
0.0572974893483 8 607 7.76495386715 256 0.751621470014
0.0856851619264 5 742 7.82141883577 231 0.720635115105
0.0608384789681 6 436 7.51694320582 535 0.757924850079
0.0793008994047 9 378 7.8984481074 282 0.749683047993
0.0638548945093 8 798 7.60169787552 493 0.738631817578
0.0665792145582 8 383 7.97474488252 462 0.747972426661
0.0742408052239 7 1056 6.88784609893 210 0.727760985321
0.0766850685824 6 379 7.414959284 207 0.744713688418
0.0725391875054 7 594 7.56875337216 449 0.753887299929
0.084716019165 6 546 8.0561454621 169 0.734838699776
0.0635648521236 5 210 7.18687649041 432 0.74285201812
0.0631223634321 8 366 7.84926687211 344 0.746772233379
0.0849548745423 9 1084 6.26624942381 173 0.701906728647
0.0608089782513 8 922 7.62041342857 485 0.742179440354
0.0730126351243 6 367 6.80138125979 529 0.742646015556
0.0507846637824 7 323 8.43856440369 252 0.74651240577
0.0741035812231 5 533 7.1118337148 219 0.735241460496
0.0613540077839 6 903 7.06751679357 255 0.735069047983
0.0770062340492 9 732 7.08946088791 420 0.738563252375
0.0593824035328 5 598 6.93536160908 246 0.742374112832
0.0675438968941 6 1069 7.28489409772 273 0.722467813503
0.068504989564 6 330 6.52879515924 435 0.750285474907
0.0505712639797 8 834 7.3529337615 465 0.746038174214
0.0731854261056 7 861 7.07179846956 321 0.73638191776
0.0579642112211 5 389 8.11384588534 487 0.758499909983
0.0624863299576 7 304 7.64864308551 182 0.759635127594
0.0628776497489 9 1056 6.85686317926 438 0.730593617494
0.0530833026321 9 275 7.28244760204 167 0.772972383265
0.0571807557596 9 417 6.68345174282 199 0.748174814245
0.0593768323555 5 472 7.27811106234 276 0.750655274484
0.0507944079697 7 418 6.62974961344 270 0.762892163764
0.0564520362114 6 644 7.41804086858 452 0.74997815766
0.0421280775665 5 992 6.99649585165 474 0.771766065532
0.0486757502322 8 449 7.58369685878 284 0.76024854671
0.0458558612286 7 913 6.72499213606 390 0.754069983795
0.032579381179 7 314 8.38345413822 169 0.757385650004
0.0515739596808 8 664 8.83135334221 153 0.7437299037
0.041970867719 8 239 6.65061825175 351 0.75858449309
0.0557473772915 8 617 7.34445887622 251 0.749822092073
0.0634000721247 9 558 7.12297925625 231 0.753049080692
0.0485950005972 5 227 7.08284815956 240 0.738241961899
0.0476735108584 6 814 7.90270675754 214 0.747966249187
0.0591497826301 6 876 7.22166080765 320 0.757746789887
0.0658511230609 5 956 7.37079382005 298 0.740875562759
0.0384507831322 8 710 7.62269811006 229 0.750362971039
0.041299883957 9 470 6.71236658109 217 0.757856537235
0.0520409459181 8 964 6.29017492138 225 0.755376648978
0.0545658285001 8 971 7.73548034195 502 0.737978423557
0.0492950493557 8 643 7.37215307931 341 0.753328420058
0.0582899263122 8 253 7.10483327718 481 0.765702135618
0.046238454402 6 555 6.88209705367 290 0.76491930443
0.0577522717659 5 970 6.51099335292 396 0.738726840395
0.0401760937343 8 972 7.13654204915 362 0.760724010025
0.0490480992726 7 895 6.95767465243 480 0.758430505847
0.0550920790108 7 501 7.62628563983 412 0.746016223129
0.0634109663975 9 542 7.48263014458 178 0.745029523246
0.0509425751974 9 1094 6.4356074766 339 0.741484584637
0.0629350138064 9 255 7.72339987694 493 0.753193540266
0.0648359852336 9 1016 7.0243991419 357 0.730281982161
0.0639569013243 7 1057 6.14010892169 415 0.738641464877
0.0479737348556 8 718 7.49759371342 195 0.739056405423
0.0614611916534 5 1051 7.69865111563 211 0.744223668382
0.0622330079693 5 623 8.34766761886 189 0.751330337811
0.0632309016617 7 322 7.2969414449 431 0.754834949725
0.0672073823837 8 982 7.2702350134 506 0.738317269964
0.0494563169904 7 633 7.18708874833 344 0.761470313801
0.0479880166759 9 421 8.14618692749 496 0.76375379697
0.0311808132134 6 1052 6.81617297345 409 0.753107377742
0.0513436198793 8 265 7.2491115911 534 0.763226471868
0.0559028864865 9 307 6.67689867554 220 0.753642464591
0.0348240121827 7 954 7.08970890392 266 0.751175604714
0.046852627609 8 341 7.71743430321 231 0.758450572854
0.0416655426146 9 393 7.27853957539 507 0.762040443763
0.0534036782277 7 257 7.62152228353 184 0.755384552307
0.0472101899466 8 724 6.74173536799 458 0.75475648027
0.0392745524437 6 337 8.13685870664 312 0.75702342369
0.0629339830045 9 723 7.47793750085 349 0.734895331012
0.042400633037 8 406 7.8209171382 161 0.755261302104
0.0485351682054 7 270 6.71516029213 177 0.757641867705
0.0495619681798 7 253 7.1430132826 178 0.751312266396
0.0596045208215 8 285 6.92250532521 195 0.760198718153
0.0599983341791 5 311 6.92036496128 177 0.750198756553
0.0635541176772 4 275 6.63148485754 172 0.752431600093
0.0828452479327 4 275 6.43588972497 190 0.747939924067
0.047938925254 4 276 7.1997854514 171 0.741603940088
0.0469425962729 2 293 6.52099388374 167 0.696318586926