0.066418536125 6 879 5.13960071996 361 0.0897324948725 8 268 4.31455075351 162 0.744241918907
0.0792922071246 9 506 8.249080492 286 0.741925183491
0.0674124790512 8 766 6.32268551478 402 0.736744816176
0.0739761914702 8 226 7.37752653633 455 0.751102359001
0.0702863671918 7 916 5.91802433616 159 0.721780987111
0.0663310631201 8 368 3.14087249358 260 0.746556312736
0.0991776532654 6 340 2.63409602898 464 0.74192335016
0.0966314573455 5 442 9.73559793513 317 0.752910744104
0.0829735764582 5 975 6.5775404646 501 0.722564438638
0.0814816280307 8 231 2.50621402716 308 0.733791803701
0.0613802057421 9 203 2.44147530696 284 0.763279019665
0.0974276646862 8 563 1.03239956291 425 0.720374059982
0.0845685562417 5 431 3.64032184686 192 0.74189399821
0.0852385218194 6 706 9.51447665908 485 0.730200360625
0.0769191684441 8 309 2.87369046356 223 0.750292263957
0.0981394394186 9 604 3.87029668856 508 0.737436373771
0.0694053337425 6 633 8.49815097023 508 0.744641349901
0.0756833128343 8 293 0.632987020736 433 0.752190158613
0.0910083259207 9 758 8.90201522201 288 0.712495910224
0.0836477481982 7 585 9.41625145638 537 0.743767965806
0.0812360679752 7 367 8.69249853834 213 0.756599123169
0.0757995883357 8 781 7.37886926755 251 0.733076776656
0.0983422658723 8 376 2.06240633658 395 0.733178331734
0.0746492618681 9 711 1.55318187689 202 0.734002053196
0.0944226852224 8 935 0.712338777093 403 0.709702839183
0.0864626871623 8 938 1.39343128069 456 0.716862101213
0.0847339611997 5 690 9.54166207279 448 0.729108118035
0.0804074685684 8 474 5.87197624193 173 0.727516101806
0.0613586510298 5 364 7.30015744721 238 0.75470343224
0.0822957506007 5 318 2.40338986567 381 0.739276648766
0.0752658234977 7 879 7.11383688035 162 0.724205496449
0.0998436676985 6 361 7.84142708725 461 0.737738937216
0.0935050602579 6 556 3.75163775089 428 0.733590684471
0.0638681341361 6 438 1.73332325291 197 0.750826110062
0.0772421943536 5 552 9.51762972392 458 0.727256971061
0.0773160200642 6 955 8.61402883269 265 0.736367381042
0.0758948298276 6 733 2.66045247958 529 0.735926178871
0.0952964051208 9 760 1.52842017522 351 0.704750554036
0.0981456494999 6 730 0.517062792521 383 0.72335983713
0.0862868931944 6 1026 6.70035522692 268 0.717717200398
0.0758744376814 8 1047 6.93592279515 152 0.700245543342
0.0612719174715 8 1094 0.507604560383 284 0.730015870378
0.065508809564 5 889 7.33736442645 491 0.739519992585
0.0608306867923 7 449 8.68045450677 350 0.75998394234
0.0690419277317 5 427 5.97647177564 503 0.749785243229
0.0928032372356 9 237 0.78014286846 397 0.741476177992
0.0923887725817 9 1100 1.62966551019 382 0.70149373787
0.0772263732773 6 225 7.90022566863 175 0.741821096806
0.0884240293094 7 680 1.23075263986 160 0.720311949361
0.0975538809742 5 365 7.96671138147 390 0.743621302704
0.0965529467389 9 920 7.94414619084 541 0.700022475103
0.0739154694552 6 931 8.26787644405 550 0.751714585077
0.0767760659403 7 856 0.940640291454 504 0.733327653677
0.0886178469818 7 939 5.95386773681 212 0.71131692068
0.0699495010898 9 219 8.29103196772 401 0.760801903282
0.0897166051259 6 822 4.65816005838 246 0.724859650795
0.099004409493 8 945 9.34591123789 211 0.69831576604
0.0963932919154 6 817 5.50034826947 538 0.723508712306
0.0816815053768 7 983 4.74656265035 213 0.704140041427
0.0788496694243 6 920 8.69392680284 508 0.731993683843
0.0722496693411 9 1064 1.98244091493 218 0.71269679844
0.074289282818 9 760 4.66807490067 156 0.719494132454
0.0814477814502 8 951 8.0542807798 305 0.721843641987
0.0951023549081 7 200 8.87965899097 325 0.753119874736
0.068932057023 6 276 4.23031033519 167 0.759064224033
0.0964251616218 9 831 0.808008149192 401 0.708100782742
0.0675663718875 8 745 5.04820053928 442 0.741331700496
0.0846375639017 9 854 2.87616224802 441 0.720511070379
0.0717284886967 5 849 3.90173875799 506 0.731839231078
0.0634294232028 6 478 6.62720418286 361 0.757886989076
0.0879914185294 5 323 3.39392417553 532 0.751468221969
0.0895047746849 9 477 4.83548729129 305 0.735782821382
0.0743739282516 9 936 4.260651632 509 0.725519865688
0.0826695566847 7 366 0.782269066897 451 0.746892595909
0.0718634906844 6 533 6.54630917611 535 0.742343746091
0.0887491139511 5 245 2.93905174401 404 0.751384670443
0.0752695630562 5 688 9.48380784432 284 0.746975232108
0.076553962488 7 738 0.620510097004 445 0.733298785127
0.0849641682954 7 1019 4.75139017804 497 0.718885821907
0.0851337730068 9 622 6.63576928301 340 0.721671733773
0.0851516601126 9 611 9.68356247042 337 0.708477725892
0.0732727632212 9 491 8.80250986711 379 0.746153825667
0.0743200938307 8 688 6.33024442696 328 0.74446900989
0.061663820647 5 848 5.79370347704 500 0.752311925191
0.0627150223217 9 373 3.79556858057 520 0.750160657514
0.0668492146768 6 353 5.50857125769 392 0.75045320312
0.0962246851537 5 539 5.99455442093 183 0.734333579581
0.0939892340808 5 928 1.64745583735 246 0.736404639041
0.0807895177378 5 420 8.18621541095 496 0.759318193522
0.0978075868356 9 762 8.8885892845 502 0.710029575642
0.0648296938965 5 276 1.95864379947 346 0.750405707898
0.0675199036119 9 279 4.42528919387 545 0.760833248201
0.0903345634828 5 397 3.02048271911 415 0.733182676703
0.0741903064801 5 207 5.85736357362 385 0.748457315951
0.099763548827 8 646 9.12985495839 372 0.72907858069
0.0700398023286 8 252 6.51186398299 292 0.751649294002
0.0962818073951 7 521 5.09981624251 313 0.732877676966
0.0957696460223 8 499 9.8649683679 155 0.723772666206
0.0870184756018 5 1025 8.81521779795 301 0.723856920251
0.0757105235792 5 1026 4.76760173007 548 0.742311723194
0.0746897125082 6 333 4.83026864153 292 0.746197872444
0.0813944062634 9 381 9.3987260542 480 0.744218014714
0.0819830792225 9 977 6.00189319981 463 0.726521412304
0.0698230164522 7 362 7.36242172216 475 0.744183927188
0.0609581544853 9 461 5.73696250655 520 0.744535101629
0.0633528361871 7 979 4.4674544592 282 0.740350371671
0.0669459919638 5 354 8.73587408749 541 0.757365058778
0.0814690282808 5 663 6.87496233827 229 0.736422658293
0.0656637103282 9 367 3.6330748253 155 0.753597471363
0.0743805126899 6 253 7.15085912567 234 0.739560216706
0.0711593872232 9 710 6.74324923293 474 0.738508229934
0.0682608882391 8 998 6.32037657053 195 0.718891249277
0.0690989885694 7 237 0.670632596814 321 0.75091714871
0.0615842283849 6 974 1.29592733466 542 0.744844417264
0.0816143496397 7 453 3.4206297827 399 0.745748224623
0.0916879292614 7 240 8.92696167581 389 0.745318067701
0.0952198537584 7 562 1.38771772177 550 0.720577331324
0.0627012624584 9 937 7.06902620433 297 0.737407442878
0.0870774940723 9 780 3.9695875938 369 0.714210801821
0.0879264099503 5 630 8.85802877234 324 0.74132988406
0.0970241899421 5 967 0.95772157304 464 0.731296911005
0.0854680727814 8 436 8.37380653101 505 0.733615628291
0.0877340065221 8 880 1.08869608751 342 0.719993971979
0.0918069487335 8 244 4.32965919983 498 0.744595245634
0.0865873767559 8 602 2.13405442877 166 0.73483248573
0.0933276757024 7 1061 0.740567949148 202 0.709786956643
0.0820577416454 5 715 2.01402005286 390 0.746216216492
0.0884580063286 8 968 1.60043516466 293 0.719690507796
0.0925827466738 5 728 3.69719115003 346 0.729565639733
0.0815304392654 8 729 5.70718179316 390 0.735366152664
0.0928908756221 8 317 5.69508727066 276 0.733659164655
0.0947585713393 6 553 3.80308393562 464 0.736383329903
0.0887152685248 5 530 1.4107996542 514 0.737395004664
0.0642894671765 6 454 3.87723028485 163 0.751911042948
0.0873056547908 8 439 9.33123726319 536 0.756858482858
0.0699369593198 6 698 4.0318548375 512 0.747065599915
0.0834317262288 8 235 8.95085219448 547 0.753996749123
0.0624671325773 5 789 7.49478709682 453 0.743605219166
0.0860407591782 6 379 6.1320694787 539 0.743199563039
0.0864203311839 9 356 7.63395529477 173 0.735805089351
0.074384997588 5 552 6.61161703735 331 0.746501569363
0.0996292656597 6 880 3.78745895216 353 0.726354850492
0.0853361450423 8 434 7.30690689216 548 0.743783399636
0.0860253907561 6 308 5.43892623163 485 0.755565012997
0.0917856676139 6 741 2.93187691465 359 0.734116733376
0.0812933057651 7 209 4.98090224042 330 0.750090785727
0.0819009012795 6 426 1.32512243011 285 0.75452130778
0.0728287984474 6 509 9.25316611631 368 0.742561473048
0.0955704468772 6 274 9.78984463329 334 0.74850991491
0.0666292198366 5 354 8.23051703682 514 0.760224531215
0.0775208838679 7 267 3.13397696881 550 0.762878333343
0.0957114907828 5 1033 7.96950506689 308 0.733777273558
0.0773695393533 9 941 5.92531433643 369 0.720624743665
0.0706242495791 8 750 1.95697707825 517 0.733406626683
0.0750787684374 8 797 9.46606173664 271 0.729836717494
0.0753853065156 7 563 1.68497789978 377 0.753015947419
0.0731380621789 8 687 1.49940533 222 0.738256907709
0.0662879322418 8 1030 5.42879490412 153 0.726801592698
0.0938952636646 9 390 4.89861032817 189 0.735574900605
0.0676725518444 8 402 0.80556783172 310 0.753458479741
0.0762948003268 6 561 6.31448696652 151 0.730832118515
0.0696477497315 9 411 3.09229445832 245 0.75550283846
0.0894383586641 5 629 4.64627861129 538 0.738642301492
0.0775356056053 5 648 4.44298618082 495 0.743757092203
0.0867627283914 5 657 4.61778385767 446 0.733946274833
0.0719363899533 5 207 9.89775031939 213 0.745923006346
0.0956422988548 7 1066 2.0560308102 193 0.721873957776
0.061021991116 7 409 5.91995069581 411 0.751322034066
0.0636239802433 9 401 8.95920626402 185 0.75469154911
0.0868454675837 6 612 8.09301457283 429 0.728773771492
0.0842101476114 9 638 8.0597170303 245 0.728619361165
0.0956377357668 9 1084 3.16662864381 325 0.696857798525
0.0970918282764 7 658 5.50065860859 159 0.732084420679
0.0950204548781 9 313 2.377808274 380 0.737934161267
0.0995413313702 7 424 7.85549767301 296 0.725920977565
0.0632731885229 6 836 9.1172057991 262 0.738760257995
0.0784177298512 7 478 5.19060696502 312 0.740844452203
0.0871858941144 7 877 1.65316933636 151 0.726954837076
0.068859940719 6 966 4.61052276308 370 0.741060382539
0.0969276072268 8 604 5.32757745429 508 0.734874952484
0.0817946414792 7 263 2.01860166178 194 0.758389073105
0.0888970759087 8 571 5.20380841527 531 0.731737729847
0.0797657662273 7 203 1.25010684554 487 0.755776116961
0.065413758295 5 391 4.87534007425 207 0.747793649218
0.0846555721505 8 811 2.56903257783 534 0.715185101877
0.0785622286251 6 781 1.13417714546 379 0.729526353733
0.0771515679754 5 499 8.91687529323 473 0.734125622151
0.0749570666182 5 1063 3.639724921 541 0.7281310098
0.0813035154699 9 433 2.70630907173 512 0.749046575383
0.0691665746438 5 833 1.35306034479 542 0.743004248816
0.0642899084915 8 269 4.31195530281 407 0.760540267992
0.0834412368453 8 225 8.30982901615 356 0.754741191586
0.0606359426105 9 523 3.09129035492 413 0.737280977547
0.0793351454031 9 805 8.24284559394 479 0.734212399498
0.0638779296882 6 854 2.71629990871 156 0.744341656137
0.0763355560293 5 835 5.93319250328 245 0.742504661023
0.0738197120471 5 980 1.22020608275 437 0.737180063978
0.0724992591889 9 566 5.37800876161 180 0.728140719201
0.0933611751565 7 482 8.23350988048 498 0.726990864347
0.071609183491 6 1018 6.63252606457 357 0.725552008795
0.080503681871 5 741 9.48354076732 194 0.746067290633
0.0674285665758 8 892 7.38387796638 438 0.734754513669
0.067872186535 7 790 7.17009608821 472 0.745133368442
0.0630714514296 7 275 6.75464921585 398 0.752680134043
0.0950750217033 8 583 1.3664491538 292 0.715555811816
0.0753690800774 9 873 6.29084172672 204 0.730066062762
0.069213460859 7 447 4.3821554573 245 0.749996059509
0.0777420485821 8 720 4.79895641673 201 0.728514482708
0.070736598428 7 1078 8.0130875385 404 0.724131258856
0.0801682961439 5 647 3.45410689694 313 0.7324961643
0.0669387400515 6 206 6.7751388839 378 0.756937953088
0.0704310768685 8 363 5.64953966215 343 0.755776554163
0.069739522786 6 730 7.19325161844 299 0.73310525031
0.0898195226363 7 810 7.51107482105 465 0.71987285615
0.0871938733604 8 398 6.49619207986 448 0.733469860711
0.0968062097453 7 632 7.91239667329 337 0.723094938623
0.0608996675293 5 480 8.64526486981 476 0.759314734177
0.0794075286571 6 952 2.37789199511 236 0.73046324246
0.0745793422603 9 528 7.51939520855 186 0.740176270496
0.0864838977741 7 622 9.39024838514 435 0.737788595676
0.0671679027679 8 1007 5.78045211958 291 0.730918273374
0.0966057618483 9 695 3.60993527567 432 0.709084792945
0.0844154234255 5 1012 3.9937564671 329 0.738318291236
